Dynamical matrix file
                                                                           
  1    2   2  10.2623467   0.0000000   0.0000000   0.0000000   0.0000000   0.0000000
           1  'Si  '    25598.8230119497     
    1    1      0.0000000000      0.0000000000      0.0000000000
    2    1     -0.2500000000      0.2500000000      0.2500000000

     Dynamical  Matrix in cartesian axes

     q = (    0.800000000   0.000000000   0.800000000 ) 

    1    1
  0.25065439   0.00000000     0.00000000  -0.00843855     0.00436499   0.00000000
  0.00000000   0.00843855     0.32357533   0.00000000     0.00000000   0.00843855
  0.00436499   0.00000000     0.00000000  -0.00843855     0.25065439   0.00000000
    1    2
 -0.02392484   0.00000000     0.00000000   0.05114802     0.17798652   0.00000000
  0.00000000   0.05114802    -0.04154834   0.00000000     0.00000000   0.05114802
  0.17798652   0.00000000     0.00000000   0.05114802    -0.02392484   0.00000000
    2    1
 -0.02392484   0.00000000     0.00000000  -0.05114802     0.17798652   0.00000000
  0.00000000  -0.05114802    -0.04154834   0.00000000     0.00000000  -0.05114802
  0.17798652   0.00000000     0.00000000  -0.05114802    -0.02392484   0.00000000
    2    2
  0.25065439   0.00000000     0.00000000   0.00843855     0.00436499   0.00000000
  0.00000000  -0.00843855     0.32357533   0.00000000     0.00000000  -0.00843855
  0.00436499   0.00000000     0.00000000   0.00843855     0.25065439   0.00000000

     Dynamical  Matrix in cartesian axes

     q = (   -0.800000000   0.000000000   0.800000000 ) 

    1    1
  0.25065439   0.00000000     0.00000000  -0.00843855    -0.00436499   0.00000000
  0.00000000   0.00843855     0.32357533   0.00000000     0.00000000  -0.00843855
 -0.00436499   0.00000000     0.00000000   0.00843855     0.25065439   0.00000000
    1    2
  0.01935561   0.01406267     0.03006405  -0.04137962     0.14399412   0.10461785
  0.03006405  -0.04137962     0.03361331   0.02442150    -0.03006405   0.04137962
  0.14399412   0.10461785    -0.03006405   0.04137962     0.01935561   0.01406267
    2    1
  0.01935561  -0.01406267     0.03006405   0.04137962     0.14399412  -0.10461785
  0.03006405   0.04137962     0.03361331  -0.02442150    -0.03006405  -0.04137962
  0.14399412  -0.10461785    -0.03006405  -0.04137962     0.01935561  -0.01406267
    2    2
  0.25065439   0.00000000     0.00000000   0.00843855    -0.00436499   0.00000000
  0.00000000  -0.00843855     0.32357533   0.00000000     0.00000000   0.00843855
 -0.00436499   0.00000000     0.00000000  -0.00843855     0.25065439   0.00000000

     Dynamical  Matrix in cartesian axes

     q = (   -0.800000000   0.000000000  -0.800000000 ) 

    1    1
  0.25065439   0.00000000     0.00000000   0.00843855     0.00436499   0.00000000
  0.00000000  -0.00843855     0.32357533   0.00000000     0.00000000  -0.00843855
  0.00436499   0.00000000     0.00000000   0.00843855     0.25065439   0.00000000
    1    2
 -0.02392484   0.00000000     0.00000000  -0.05114802     0.17798652   0.00000000
  0.00000000  -0.05114802    -0.04154834   0.00000000     0.00000000  -0.05114802
  0.17798652   0.00000000     0.00000000  -0.05114802    -0.02392484   0.00000000
    2    1
 -0.02392484   0.00000000     0.00000000   0.05114802     0.17798652   0.00000000
  0.00000000   0.05114802    -0.04154834   0.00000000     0.00000000   0.05114802
  0.17798652   0.00000000     0.00000000   0.05114802    -0.02392484   0.00000000
    2    2
  0.25065439   0.00000000     0.00000000  -0.00843855     0.00436499   0.00000000
  0.00000000   0.00843855     0.32357533   0.00000000     0.00000000   0.00843855
  0.00436499   0.00000000     0.00000000  -0.00843855     0.25065439   0.00000000

     Dynamical  Matrix in cartesian axes

     q = (    0.800000000   0.000000000  -0.800000000 ) 

    1    1
  0.25065439   0.00000000     0.00000000   0.00843855    -0.00436499   0.00000000
  0.00000000  -0.00843855     0.32357533   0.00000000     0.00000000   0.00843855
 -0.00436499   0.00000000     0.00000000  -0.00843855     0.25065439   0.00000000
    1    2
  0.01935561  -0.01406267     0.03006405   0.04137962     0.14399412  -0.10461785
  0.03006405   0.04137962     0.03361331  -0.02442150    -0.03006405  -0.04137962
  0.14399412  -0.10461785    -0.03006405  -0.04137962     0.01935561  -0.01406267
    2    1
  0.01935561   0.01406267     0.03006405  -0.04137962     0.14399412   0.10461785
  0.03006405  -0.04137962     0.03361331   0.02442150    -0.03006405   0.04137962
  0.14399412   0.10461785    -0.03006405   0.04137962     0.01935561   0.01406267
    2    2
  0.25065439   0.00000000     0.00000000  -0.00843855    -0.00436499   0.00000000
  0.00000000   0.00843855     0.32357533   0.00000000     0.00000000  -0.00843855
 -0.00436499   0.00000000     0.00000000   0.00843855     0.25065439   0.00000000

     Dynamical  Matrix in cartesian axes

     q = (    0.800000000  -0.800000000   0.000000000 ) 

    1    1
  0.25065439   0.00000000    -0.00436499   0.00000000     0.00000000   0.00843855
 -0.00436499   0.00000000     0.25065439   0.00000000     0.00000000  -0.00843855
  0.00000000  -0.00843855     0.00000000   0.00843855     0.32357533   0.00000000
    1    2
  0.01935561  -0.01406267     0.14399412  -0.10461785     0.03006405   0.04137962
  0.14399412  -0.10461785     0.01935561  -0.01406267    -0.03006405  -0.04137962
  0.03006405   0.04137962    -0.03006405  -0.04137962     0.03361331  -0.02442150
    2    1
  0.01935561   0.01406267     0.14399412   0.10461785     0.03006405  -0.04137962
  0.14399412   0.10461785     0.01935561   0.01406267    -0.03006405   0.04137962
  0.03006405  -0.04137962    -0.03006405   0.04137962     0.03361331   0.02442150
    2    2
  0.25065439   0.00000000    -0.00436499   0.00000000     0.00000000  -0.00843855
 -0.00436499   0.00000000     0.25065439   0.00000000     0.00000000   0.00843855
  0.00000000   0.00843855     0.00000000  -0.00843855     0.32357533   0.00000000

     Dynamical  Matrix in cartesian axes

     q = (   -0.800000000   0.800000000   0.000000000 ) 

    1    1
  0.25065439   0.00000000    -0.00436499   0.00000000     0.00000000  -0.00843855
 -0.00436499   0.00000000     0.25065439   0.00000000     0.00000000   0.00843855
  0.00000000   0.00843855     0.00000000  -0.00843855     0.32357533   0.00000000
    1    2
  0.01935561   0.01406267     0.14399412   0.10461785     0.03006405  -0.04137962
  0.14399412   0.10461785     0.01935561   0.01406267    -0.03006405   0.04137962
  0.03006405  -0.04137962    -0.03006405   0.04137962     0.03361331   0.02442150
    2    1
  0.01935561  -0.01406267     0.14399412  -0.10461785     0.03006405   0.04137962
  0.14399412  -0.10461785     0.01935561  -0.01406267    -0.03006405  -0.04137962
  0.03006405   0.04137962    -0.03006405  -0.04137962     0.03361331  -0.02442150
    2    2
  0.25065439   0.00000000    -0.00436499   0.00000000     0.00000000   0.00843855
 -0.00436499   0.00000000     0.25065439   0.00000000     0.00000000  -0.00843855
  0.00000000  -0.00843855     0.00000000   0.00843855     0.32357533   0.00000000

     Dynamical  Matrix in cartesian axes

     q = (   -0.800000000  -0.800000000   0.000000000 ) 

    1    1
  0.25065439   0.00000000     0.00436499   0.00000000     0.00000000   0.00843855
  0.00436499   0.00000000     0.25065439   0.00000000     0.00000000   0.00843855
  0.00000000  -0.00843855     0.00000000  -0.00843855     0.32357533   0.00000000
    1    2
 -0.02392484   0.00000000     0.17798652   0.00000000     0.00000000  -0.05114802
  0.17798652   0.00000000    -0.02392484   0.00000000     0.00000000  -0.05114802
  0.00000000  -0.05114802     0.00000000  -0.05114802    -0.04154834   0.00000000
    2    1
 -0.02392484   0.00000000     0.17798652   0.00000000     0.00000000   0.05114802
  0.17798652   0.00000000    -0.02392484   0.00000000     0.00000000   0.05114802
  0.00000000   0.05114802     0.00000000   0.05114802    -0.04154834   0.00000000
    2    2
  0.25065439   0.00000000     0.00436499   0.00000000     0.00000000  -0.00843855
  0.00436499   0.00000000     0.25065439   0.00000000     0.00000000  -0.00843855
  0.00000000   0.00843855     0.00000000   0.00843855     0.32357533   0.00000000

     Dynamical  Matrix in cartesian axes

     q = (    0.800000000   0.800000000   0.000000000 ) 

    1    1
  0.25065439   0.00000000     0.00436499   0.00000000     0.00000000  -0.00843855
  0.00436499   0.00000000     0.25065439   0.00000000     0.00000000  -0.00843855
  0.00000000   0.00843855     0.00000000   0.00843855     0.32357533   0.00000000
    1    2
 -0.02392484   0.00000000     0.17798652   0.00000000     0.00000000   0.05114802
  0.17798652   0.00000000    -0.02392484   0.00000000     0.00000000   0.05114802
  0.00000000   0.05114802     0.00000000   0.05114802    -0.04154834   0.00000000
    2    1
 -0.02392484   0.00000000     0.17798652   0.00000000     0.00000000  -0.05114802
  0.17798652   0.00000000    -0.02392484   0.00000000     0.00000000  -0.05114802
  0.00000000  -0.05114802     0.00000000  -0.05114802    -0.04154834   0.00000000
    2    2
  0.25065439   0.00000000     0.00436499   0.00000000     0.00000000   0.00843855
  0.00436499   0.00000000     0.25065439   0.00000000     0.00000000   0.00843855
  0.00000000  -0.00843855     0.00000000  -0.00843855     0.32357533   0.00000000

     Dynamical  Matrix in cartesian axes

     q = (    0.000000000   0.800000000   0.800000000 ) 

    1    1
  0.32357533   0.00000000     0.00000000   0.00843855     0.00000000   0.00843855
  0.00000000  -0.00843855     0.25065439   0.00000000     0.00436499   0.00000000
  0.00000000  -0.00843855     0.00436499   0.00000000     0.25065439   0.00000000
    1    2
  0.03361331   0.02442150     0.03006405  -0.04137962     0.03006405  -0.04137962
  0.03006405  -0.04137962     0.01935561   0.01406267    -0.14399412  -0.10461785
  0.03006405  -0.04137962    -0.14399412  -0.10461785     0.01935561   0.01406267
    2    1
  0.03361331  -0.02442150     0.03006405   0.04137962     0.03006405   0.04137962
  0.03006405   0.04137962     0.01935561  -0.01406267    -0.14399412   0.10461785
  0.03006405   0.04137962    -0.14399412   0.10461785     0.01935561  -0.01406267
    2    2
  0.32357533   0.00000000     0.00000000  -0.00843855     0.00000000  -0.00843855
  0.00000000   0.00843855     0.25065439   0.00000000     0.00436499   0.00000000
  0.00000000   0.00843855     0.00436499   0.00000000     0.25065439   0.00000000

     Dynamical  Matrix in cartesian axes

     q = (    0.000000000   0.800000000  -0.800000000 ) 

    1    1
  0.32357533   0.00000000     0.00000000  -0.00843855     0.00000000   0.00843855
  0.00000000   0.00843855     0.25065439   0.00000000    -0.00436499   0.00000000
  0.00000000  -0.00843855    -0.00436499   0.00000000     0.25065439   0.00000000
    1    2
 -0.04154834   0.00000000     0.00000000  -0.05114802     0.00000000   0.05114802
  0.00000000  -0.05114802    -0.02392484   0.00000000    -0.17798652   0.00000000
  0.00000000   0.05114802    -0.17798652   0.00000000    -0.02392484   0.00000000
    2    1
 -0.04154834   0.00000000     0.00000000   0.05114802     0.00000000  -0.05114802
  0.00000000   0.05114802    -0.02392484   0.00000000    -0.17798652   0.00000000
  0.00000000  -0.05114802    -0.17798652   0.00000000    -0.02392484   0.00000000
    2    2
  0.32357533   0.00000000     0.00000000   0.00843855     0.00000000  -0.00843855
  0.00000000  -0.00843855     0.25065439   0.00000000    -0.00436499   0.00000000
  0.00000000   0.00843855    -0.00436499   0.00000000     0.25065439   0.00000000

     Dynamical  Matrix in cartesian axes

     q = (    0.000000000  -0.800000000  -0.800000000 ) 

    1    1
  0.32357533   0.00000000     0.00000000  -0.00843855     0.00000000  -0.00843855
  0.00000000   0.00843855     0.25065439   0.00000000     0.00436499   0.00000000
  0.00000000   0.00843855     0.00436499   0.00000000     0.25065439   0.00000000
    1    2
  0.03361331  -0.02442150     0.03006405   0.04137962     0.03006405   0.04137962
  0.03006405   0.04137962     0.01935561  -0.01406267    -0.14399412   0.10461785
  0.03006405   0.04137962    -0.14399412   0.10461785     0.01935561  -0.01406267
    2    1
  0.03361331   0.02442150     0.03006405  -0.04137962     0.03006405  -0.04137962
  0.03006405  -0.04137962     0.01935561   0.01406267    -0.14399412  -0.10461785
  0.03006405  -0.04137962    -0.14399412  -0.10461785     0.01935561   0.01406267
    2    2
  0.32357533   0.00000000     0.00000000   0.00843855     0.00000000   0.00843855
  0.00000000  -0.00843855     0.25065439   0.00000000     0.00436499   0.00000000
  0.00000000  -0.00843855     0.00436499   0.00000000     0.25065439   0.00000000

     Dynamical  Matrix in cartesian axes

     q = (    0.000000000  -0.800000000   0.800000000 ) 

    1    1
  0.32357533   0.00000000     0.00000000   0.00843855     0.00000000  -0.00843855
  0.00000000  -0.00843855     0.25065439   0.00000000    -0.00436499   0.00000000
  0.00000000   0.00843855    -0.00436499   0.00000000     0.25065439   0.00000000
    1    2
 -0.04154834   0.00000000     0.00000000   0.05114802     0.00000000  -0.05114802
  0.00000000   0.05114802    -0.02392484   0.00000000    -0.17798652   0.00000000
  0.00000000  -0.05114802    -0.17798652   0.00000000    -0.02392484   0.00000000
    2    1
 -0.04154834   0.00000000     0.00000000  -0.05114802     0.00000000   0.05114802
  0.00000000  -0.05114802    -0.02392484   0.00000000    -0.17798652   0.00000000
  0.00000000   0.05114802    -0.17798652   0.00000000    -0.02392484   0.00000000
    2    2
  0.32357533   0.00000000     0.00000000  -0.00843855     0.00000000   0.00843855
  0.00000000   0.00843855     0.25065439   0.00000000    -0.00436499   0.00000000
  0.00000000  -0.00843855    -0.00436499   0.00000000     0.25065439   0.00000000

     Diagonalizing the dynamical matrix

     q = (    0.800000000   0.000000000   0.800000000 ) 

 **************************************************************************
     freq (    1) =       4.331607 [THz] =     144.486862 [cm-1]
 ( -0.500000  0.000000  0.000000  0.000000  0.500000  0.000000 ) 
 ( -0.500000  0.000000  0.000000  0.000000  0.500000  0.000000 ) 
     freq (    2) =       5.911665 [THz] =     197.191923 [cm-1]
 ( -0.478522  0.000000  0.000000 -0.205022 -0.478522  0.000000 ) 
 (  0.478522  0.000000  0.000000 -0.205022  0.478522  0.000000 ) 
     freq (    3) =      11.262547 [THz] =     375.678146 [cm-1]
 (  0.305701  0.000000  0.000000 -0.559548  0.305701  0.000000 ) 
 (  0.305701  0.000000  0.000000  0.559548  0.305701  0.000000 ) 
     freq (    4) =      11.268377 [THz] =     375.872591 [cm-1]
 ( -0.144972  0.000000  0.000000  0.676732 -0.144972  0.000000 ) 
 (  0.144972  0.000000  0.000000  0.676732  0.144972  0.000000 ) 
     freq (    5) =      13.765796 [THz] =     459.177531 [cm-1]
 ( -0.500000  0.000000  0.000000  0.000000  0.500000  0.000000 ) 
 (  0.500000  0.000000  0.000000  0.000000 -0.500000  0.000000 ) 
     freq (    6) =      14.159276 [THz] =     472.302594 [cm-1]
 ( -0.395660  0.000000  0.000000 -0.432326 -0.395660  0.000000 ) 
 ( -0.395660  0.000000  0.000000  0.432326 -0.395660  0.000000 ) 
 **************************************************************************
