Dynamical matrix file
                                                                           
  1    2   2  10.2623467   0.0000000   0.0000000   0.0000000   0.0000000   0.0000000
           1  'Si  '    25598.8230119497     
    1    1      0.0000000000      0.0000000000      0.0000000000
    2    1     -0.2500000000      0.2500000000      0.2500000000

     Dynamical  Matrix in cartesian axes

     q = (   -0.200000000   0.200000000  -0.200000000 ) 

    1    1
  0.27796629   0.00000000    -0.00868237   0.00000000     0.00868237   0.00000000
 -0.00868237   0.00000000     0.27796629   0.00000000    -0.00868237   0.00000000
  0.00868237   0.00000000    -0.00868237   0.00000000     0.27796629   0.00000000
    1    2
 -0.22629652   0.05913311    -0.02726154  -0.03926909     0.02726154   0.03926909
 -0.02726154  -0.03926909    -0.22629652   0.05913311    -0.02726154  -0.03926909
  0.02726154   0.03926909    -0.02726154  -0.03926909    -0.22629652   0.05913311
    2    1
 -0.22629652  -0.05913311    -0.02726154   0.03926909     0.02726154  -0.03926909
 -0.02726154   0.03926909    -0.22629652  -0.05913311    -0.02726154   0.03926909
  0.02726154  -0.03926909    -0.02726154   0.03926909    -0.22629652  -0.05913311
    2    2
  0.27796629   0.00000000    -0.00868237   0.00000000     0.00868237   0.00000000
 -0.00868237   0.00000000     0.27796629   0.00000000    -0.00868237   0.00000000
  0.00868237   0.00000000    -0.00868237   0.00000000     0.27796629   0.00000000

     Dynamical  Matrix in cartesian axes

     q = (   -0.200000000   0.200000000   0.200000000 ) 

    1    1
  0.27796629   0.00000000    -0.00868237   0.00000000    -0.00868237   0.00000000
 -0.00868237   0.00000000     0.27796629   0.00000000     0.00868237   0.00000000
 -0.00868237   0.00000000     0.00868237   0.00000000     0.27796629   0.00000000
    1    2
 -0.12616840   0.19694765     0.02892284   0.03806208     0.02892284   0.03806208
  0.02892284   0.03806208    -0.12616840   0.19694765    -0.02892284  -0.03806208
  0.02892284   0.03806208    -0.02892284  -0.03806208    -0.12616840   0.19694765
    2    1
 -0.12616840  -0.19694765     0.02892284  -0.03806208     0.02892284  -0.03806208
  0.02892284  -0.03806208    -0.12616840  -0.19694765    -0.02892284   0.03806208
  0.02892284  -0.03806208    -0.02892284   0.03806208    -0.12616840  -0.19694765
    2    2
  0.27796629   0.00000000    -0.00868237   0.00000000    -0.00868237   0.00000000
 -0.00868237   0.00000000     0.27796629   0.00000000     0.00868237   0.00000000
 -0.00868237   0.00000000     0.00868237   0.00000000     0.27796629   0.00000000

     Dynamical  Matrix in cartesian axes

     q = (    0.200000000   0.200000000  -0.200000000 ) 

    1    1
  0.27796629   0.00000000     0.00868237   0.00000000    -0.00868237   0.00000000
  0.00868237   0.00000000     0.27796629   0.00000000    -0.00868237   0.00000000
 -0.00868237   0.00000000    -0.00868237   0.00000000     0.27796629   0.00000000
    1    2
 -0.22629652  -0.05913311     0.02726154  -0.03926909    -0.02726154   0.03926909
  0.02726154  -0.03926909    -0.22629652  -0.05913311    -0.02726154   0.03926909
 -0.02726154   0.03926909    -0.02726154   0.03926909    -0.22629652  -0.05913311
    2    1
 -0.22629652   0.05913311     0.02726154   0.03926909    -0.02726154  -0.03926909
  0.02726154   0.03926909    -0.22629652   0.05913311    -0.02726154  -0.03926909
 -0.02726154  -0.03926909    -0.02726154  -0.03926909    -0.22629652   0.05913311
    2    2
  0.27796629   0.00000000     0.00868237   0.00000000    -0.00868237   0.00000000
  0.00868237   0.00000000     0.27796629   0.00000000    -0.00868237   0.00000000
 -0.00868237   0.00000000    -0.00868237   0.00000000     0.27796629   0.00000000

     Dynamical  Matrix in cartesian axes

     q = (    0.200000000   0.200000000   0.200000000 ) 

    1    1
  0.27796629   0.00000000     0.00868237   0.00000000     0.00868237   0.00000000
  0.00868237   0.00000000     0.27796629   0.00000000     0.00868237   0.00000000
  0.00868237   0.00000000     0.00868237   0.00000000     0.27796629   0.00000000
    1    2
 -0.22629652   0.05913311     0.02726154   0.03926909     0.02726154   0.03926909
  0.02726154   0.03926909    -0.22629652   0.05913311     0.02726154   0.03926909
  0.02726154   0.03926909     0.02726154   0.03926909    -0.22629652   0.05913311
    2    1
 -0.22629652  -0.05913311     0.02726154  -0.03926909     0.02726154  -0.03926909
  0.02726154  -0.03926909    -0.22629652  -0.05913311     0.02726154  -0.03926909
  0.02726154  -0.03926909     0.02726154  -0.03926909    -0.22629652  -0.05913311
    2    2
  0.27796629   0.00000000     0.00868237   0.00000000     0.00868237   0.00000000
  0.00868237   0.00000000     0.27796629   0.00000000     0.00868237   0.00000000
  0.00868237   0.00000000     0.00868237   0.00000000     0.27796629   0.00000000

     Dynamical  Matrix in cartesian axes

     q = (    0.200000000  -0.200000000   0.200000000 ) 

    1    1
  0.27796629   0.00000000    -0.00868237   0.00000000     0.00868237   0.00000000
 -0.00868237   0.00000000     0.27796629   0.00000000    -0.00868237   0.00000000
  0.00868237   0.00000000    -0.00868237   0.00000000     0.27796629   0.00000000
    1    2
 -0.22629652  -0.05913311    -0.02726154   0.03926909     0.02726154  -0.03926909
 -0.02726154   0.03926909    -0.22629652  -0.05913311    -0.02726154   0.03926909
  0.02726154  -0.03926909    -0.02726154   0.03926909    -0.22629652  -0.05913311
    2    1
 -0.22629652   0.05913311    -0.02726154  -0.03926909     0.02726154   0.03926909
 -0.02726154  -0.03926909    -0.22629652   0.05913311    -0.02726154  -0.03926909
  0.02726154   0.03926909    -0.02726154  -0.03926909    -0.22629652   0.05913311
    2    2
  0.27796629   0.00000000    -0.00868237   0.00000000     0.00868237   0.00000000
 -0.00868237   0.00000000     0.27796629   0.00000000    -0.00868237   0.00000000
  0.00868237   0.00000000    -0.00868237   0.00000000     0.27796629   0.00000000

     Dynamical  Matrix in cartesian axes

     q = (   -0.200000000  -0.200000000  -0.200000000 ) 

    1    1
  0.27796629   0.00000000     0.00868237   0.00000000     0.00868237   0.00000000
  0.00868237   0.00000000     0.27796629   0.00000000     0.00868237   0.00000000
  0.00868237   0.00000000     0.00868237   0.00000000     0.27796629   0.00000000
    1    2
 -0.22629652  -0.05913311     0.02726154  -0.03926909     0.02726154  -0.03926909
  0.02726154  -0.03926909    -0.22629652  -0.05913311     0.02726154  -0.03926909
  0.02726154  -0.03926909     0.02726154  -0.03926909    -0.22629652  -0.05913311
    2    1
 -0.22629652   0.05913311     0.02726154   0.03926909     0.02726154   0.03926909
  0.02726154   0.03926909    -0.22629652   0.05913311     0.02726154   0.03926909
  0.02726154   0.03926909     0.02726154   0.03926909    -0.22629652   0.05913311
    2    2
  0.27796629   0.00000000     0.00868237   0.00000000     0.00868237   0.00000000
  0.00868237   0.00000000     0.27796629   0.00000000     0.00868237   0.00000000
  0.00868237   0.00000000     0.00868237   0.00000000     0.27796629   0.00000000

     Dynamical  Matrix in cartesian axes

     q = (    0.200000000  -0.200000000  -0.200000000 ) 

    1    1
  0.27796629   0.00000000    -0.00868237   0.00000000    -0.00868237   0.00000000
 -0.00868237   0.00000000     0.27796629   0.00000000     0.00868237   0.00000000
 -0.00868237   0.00000000     0.00868237   0.00000000     0.27796629   0.00000000
    1    2
 -0.12616840  -0.19694765     0.02892284  -0.03806208     0.02892284  -0.03806208
  0.02892284  -0.03806208    -0.12616840  -0.19694765    -0.02892284   0.03806208
  0.02892284  -0.03806208    -0.02892284   0.03806208    -0.12616840  -0.19694765
    2    1
 -0.12616840   0.19694765     0.02892284   0.03806208     0.02892284   0.03806208
  0.02892284   0.03806208    -0.12616840   0.19694765    -0.02892284  -0.03806208
  0.02892284   0.03806208    -0.02892284  -0.03806208    -0.12616840   0.19694765
    2    2
  0.27796629   0.00000000    -0.00868237   0.00000000    -0.00868237   0.00000000
 -0.00868237   0.00000000     0.27796629   0.00000000     0.00868237   0.00000000
 -0.00868237   0.00000000     0.00868237   0.00000000     0.27796629   0.00000000

     Dynamical  Matrix in cartesian axes

     q = (   -0.200000000  -0.200000000   0.200000000 ) 

    1    1
  0.27796629   0.00000000     0.00868237   0.00000000    -0.00868237   0.00000000
  0.00868237   0.00000000     0.27796629   0.00000000    -0.00868237   0.00000000
 -0.00868237   0.00000000    -0.00868237   0.00000000     0.27796629   0.00000000
    1    2
 -0.22629652   0.05913311     0.02726154   0.03926909    -0.02726154  -0.03926909
  0.02726154   0.03926909    -0.22629652   0.05913311    -0.02726154  -0.03926909
 -0.02726154  -0.03926909    -0.02726154  -0.03926909    -0.22629652   0.05913311
    2    1
 -0.22629652  -0.05913311     0.02726154  -0.03926909    -0.02726154   0.03926909
  0.02726154  -0.03926909    -0.22629652  -0.05913311    -0.02726154   0.03926909
 -0.02726154   0.03926909    -0.02726154   0.03926909    -0.22629652  -0.05913311
    2    2
  0.27796629   0.00000000     0.00868237   0.00000000    -0.00868237   0.00000000
  0.00868237   0.00000000     0.27796629   0.00000000    -0.00868237   0.00000000
 -0.00868237   0.00000000    -0.00868237   0.00000000     0.27796629   0.00000000

     Diagonalizing the dynamical matrix

     q = (   -0.200000000   0.200000000  -0.200000000 ) 

 **************************************************************************
     freq (    1) =       2.514030 [THz] =      83.859009 [cm-1]
 (  0.443069 -0.300922  0.342082 -0.293010 -0.100987  0.007911 ) 
 (  0.465218 -0.265398  0.363921 -0.265398 -0.101297  0.000000 ) 
     freq (    2) =       2.514030 [THz] =      83.859009 [cm-1]
 (  0.213366  0.030728 -0.353292  0.075120 -0.566658  0.044393 ) 
 (  0.210314  0.047298 -0.358080  0.047298 -0.568394  0.000000 ) 
     freq (    3) =       5.638479 [THz] =     188.079429 [cm-1]
 (  0.318560 -0.255316 -0.318560  0.255316  0.318560 -0.255316 ) 
 (  0.408248  0.000000 -0.408248  0.000000  0.408248  0.000000 ) 
     freq (    4) =      14.762678 [THz] =     492.429925 [cm-1]
 (  0.318560 -0.255316 -0.318560  0.255316  0.318560 -0.255316 ) 
 ( -0.408248  0.000000  0.408248  0.000000 -0.408248  0.000000 ) 
     freq (    5) =      14.878964 [THz] =     496.308807 [cm-1]
 (  0.301755 -0.018320 -0.273583  0.026752 -0.575338  0.045073 ) 
 ( -0.302264 -0.005303  0.274837 -0.005303  0.577101  0.000000 ) 
     freq (    6) =      14.878964 [THz] =     496.308807 [cm-1]
 ( -0.470335 -0.143967 -0.487261 -0.142641 -0.016926  0.001326 ) 
 (  0.457655  0.180261  0.474632  0.180261  0.016978  0.000000 ) 
 **************************************************************************
