Dynamical matrix file
                                                                           
  1    2   2  10.2623467   0.0000000   0.0000000   0.0000000   0.0000000   0.0000000
           1  'Si  '    25598.8230119497     
    1    1      0.0000000000      0.0000000000      0.0000000000
    2    1     -0.2500000000      0.2500000000      0.2500000000

     Dynamical  Matrix in cartesian axes

     q = (    0.600000000  -0.200000000   1.000000000 ) 

    1    1
  0.24886213   0.00000000    -0.00569306   0.00000000     0.00000000  -0.00061686
 -0.00569306   0.00000000     0.29179929   0.00000000     0.00000000   0.01624017
  0.00000000   0.00061686     0.00000000  -0.01624017     0.26973876   0.00000000
    1    2
  0.01846554   0.05683108     0.03108026   0.09565522     0.13845066  -0.04498535
  0.03108026   0.09565522     0.01948548   0.05997014    -0.03255531   0.01057786
  0.13845066  -0.04498535    -0.03255531   0.01057786     0.02055550   0.06326333
    2    1
  0.01846554  -0.05683108     0.03108026  -0.09565522     0.13845066   0.04498535
  0.03108026  -0.09565522     0.01948548  -0.05997014    -0.03255531  -0.01057786
  0.13845066   0.04498535    -0.03255531  -0.01057786     0.02055550  -0.06326333
    2    2
  0.24886213   0.00000000    -0.00569306   0.00000000     0.00000000   0.00061686
 -0.00569306   0.00000000     0.29179929   0.00000000     0.00000000  -0.01624017
  0.00000000  -0.00061686     0.00000000   0.01624017     0.26973876   0.00000000

     Dynamical  Matrix in cartesian axes

     q = (    1.000000000   0.200000000   0.600000000 ) 

    1    1
  0.26973876   0.00000000     0.00000000  -0.01624017     0.00000000  -0.00061686
  0.00000000   0.01624017     0.29179929   0.00000000     0.00569306   0.00000000
  0.00000000   0.00061686     0.00569306   0.00000000     0.24886213   0.00000000
    1    2
  0.02055550  -0.06326333     0.03255531   0.01057786     0.13845066   0.04498535
  0.03255531   0.01057786     0.01948548  -0.05997014    -0.03108026   0.09565522
  0.13845066   0.04498535    -0.03108026   0.09565522     0.01846554  -0.05683108
    2    1
  0.02055550   0.06326333     0.03255531  -0.01057786     0.13845066  -0.04498535
  0.03255531  -0.01057786     0.01948548   0.05997014    -0.03108026  -0.09565522
  0.13845066  -0.04498535    -0.03108026  -0.09565522     0.01846554   0.05683108
    2    2
  0.26973876   0.00000000     0.00000000   0.01624017     0.00000000   0.00061686
  0.00000000  -0.01624017     0.29179929   0.00000000     0.00569306   0.00000000
  0.00000000  -0.00061686     0.00569306   0.00000000     0.24886213   0.00000000

     Dynamical  Matrix in cartesian axes

     q = (    0.600000000   0.200000000   1.000000000 ) 

    1    1
  0.24886213   0.00000000     0.00569306   0.00000000     0.00000000   0.00061686
  0.00569306   0.00000000     0.29179929   0.00000000     0.00000000   0.01624017
  0.00000000  -0.00061686     0.00000000  -0.01624017     0.26973876   0.00000000
    1    2
 -0.04834340  -0.03512354     0.08136919   0.05911817     0.08556721  -0.11777317
  0.08136919   0.05911817    -0.05101365  -0.03706359     0.02012029  -0.02769320
  0.08556721  -0.11777317     0.02012029  -0.02769320    -0.05381500  -0.03909889
    2    1
 -0.04834340   0.03512354     0.08136919  -0.05911817     0.08556721   0.11777317
  0.08136919  -0.05911817    -0.05101365   0.03706359     0.02012029   0.02769320
  0.08556721   0.11777317     0.02012029   0.02769320    -0.05381500   0.03909889
    2    2
  0.24886213   0.00000000     0.00569306   0.00000000     0.00000000  -0.00061686
  0.00569306   0.00000000     0.29179929   0.00000000     0.00000000  -0.01624017
  0.00000000   0.00061686     0.00000000   0.01624017     0.26973876   0.00000000

     Dynamical  Matrix in cartesian axes

     q = (   -0.600000000  -0.200000000   1.000000000 ) 

    1    1
  0.24886213   0.00000000     0.00569306   0.00000000     0.00000000  -0.00061686
  0.00569306   0.00000000     0.29179929   0.00000000     0.00000000  -0.01624017
  0.00000000   0.00061686     0.00000000   0.01624017     0.26973876   0.00000000
    1    2
 -0.04834340   0.03512354     0.08136919  -0.05911817     0.08556721   0.11777317
  0.08136919  -0.05911817    -0.05101365   0.03706359     0.02012029   0.02769320
  0.08556721   0.11777317     0.02012029   0.02769320    -0.05381500   0.03909889
    2    1
 -0.04834340  -0.03512354     0.08136919   0.05911817     0.08556721  -0.11777317
  0.08136919   0.05911817    -0.05101365  -0.03706359     0.02012029  -0.02769320
  0.08556721  -0.11777317     0.02012029  -0.02769320    -0.05381500  -0.03909889
    2    2
  0.24886213   0.00000000     0.00569306   0.00000000     0.00000000   0.00061686
  0.00569306   0.00000000     0.29179929   0.00000000     0.00000000   0.01624017
  0.00000000  -0.00061686     0.00000000  -0.01624017     0.26973876   0.00000000

     Dynamical  Matrix in cartesian axes

     q = (   -1.000000000  -0.200000000  -0.600000000 ) 

    1    1
  0.26973876   0.00000000     0.00000000   0.01624017     0.00000000   0.00061686
  0.00000000  -0.01624017     0.29179929   0.00000000     0.00569306   0.00000000
  0.00000000  -0.00061686     0.00569306   0.00000000     0.24886213   0.00000000
    1    2
  0.02055550   0.06326333     0.03255531  -0.01057786     0.13845066  -0.04498535
  0.03255531  -0.01057786     0.01948548   0.05997014    -0.03108026  -0.09565522
  0.13845066  -0.04498535    -0.03108026  -0.09565522     0.01846554   0.05683108
    2    1
  0.02055550  -0.06326333     0.03255531   0.01057786     0.13845066   0.04498535
  0.03255531   0.01057786     0.01948548  -0.05997014    -0.03108026   0.09565522
  0.13845066   0.04498535    -0.03108026   0.09565522     0.01846554  -0.05683108
    2    2
  0.26973876   0.00000000     0.00000000  -0.01624017     0.00000000  -0.00061686
  0.00000000   0.01624017     0.29179929   0.00000000     0.00569306   0.00000000
  0.00000000   0.00061686     0.00569306   0.00000000     0.24886213   0.00000000

     Dynamical  Matrix in cartesian axes

     q = (   -1.000000000  -0.200000000   0.600000000 ) 

    1    1
  0.26973876   0.00000000     0.00000000  -0.01624017     0.00000000   0.00061686
  0.00000000   0.01624017     0.29179929   0.00000000    -0.00569306   0.00000000
  0.00000000  -0.00061686    -0.00569306   0.00000000     0.24886213   0.00000000
    1    2
 -0.05381500   0.03909889    -0.02012029  -0.02769320     0.08556721   0.11777317
 -0.02012029  -0.02769320    -0.05101365   0.03706359    -0.08136919   0.05911817
  0.08556721   0.11777317    -0.08136919   0.05911817    -0.04834340   0.03512354
    2    1
 -0.05381500  -0.03909889    -0.02012029   0.02769320     0.08556721  -0.11777317
 -0.02012029   0.02769320    -0.05101365  -0.03706359    -0.08136919  -0.05911817
  0.08556721  -0.11777317    -0.08136919  -0.05911817    -0.04834340  -0.03512354
    2    2
  0.26973876   0.00000000     0.00000000   0.01624017     0.00000000  -0.00061686
  0.00000000  -0.01624017     0.29179929   0.00000000    -0.00569306   0.00000000
  0.00000000   0.00061686    -0.00569306   0.00000000     0.24886213   0.00000000

     Dynamical  Matrix in cartesian axes

     q = (    0.600000000  -1.000000000   0.200000000 ) 

    1    1
  0.24886213   0.00000000     0.00000000   0.00061686     0.00569306   0.00000000
  0.00000000  -0.00061686     0.26973876   0.00000000     0.00000000  -0.01624017
  0.00569306   0.00000000     0.00000000   0.01624017     0.29179929   0.00000000
    1    2
 -0.04834340  -0.03512354     0.08556721  -0.11777317     0.08136919   0.05911817
  0.08556721  -0.11777317    -0.05381500  -0.03909889     0.02012029  -0.02769320
  0.08136919   0.05911817     0.02012029  -0.02769320    -0.05101365  -0.03706359
    2    1
 -0.04834340   0.03512354     0.08556721   0.11777317     0.08136919  -0.05911817
  0.08556721   0.11777317    -0.05381500   0.03909889     0.02012029   0.02769320
  0.08136919  -0.05911817     0.02012029   0.02769320    -0.05101365   0.03706359
    2    2
  0.24886213   0.00000000     0.00000000  -0.00061686     0.00569306   0.00000000
  0.00000000   0.00061686     0.26973876   0.00000000     0.00000000   0.01624017
  0.00569306   0.00000000     0.00000000  -0.01624017     0.29179929   0.00000000

     Dynamical  Matrix in cartesian axes

     q = (   -1.000000000   0.200000000  -0.600000000 ) 

    1    1
  0.26973876   0.00000000     0.00000000   0.01624017     0.00000000  -0.00061686
  0.00000000  -0.01624017     0.29179929   0.00000000    -0.00569306   0.00000000
  0.00000000   0.00061686    -0.00569306   0.00000000     0.24886213   0.00000000
    1    2
 -0.05381500  -0.03909889    -0.02012029   0.02769320     0.08556721  -0.11777317
 -0.02012029   0.02769320    -0.05101365  -0.03706359    -0.08136919  -0.05911817
  0.08556721  -0.11777317    -0.08136919  -0.05911817    -0.04834340  -0.03512354
    2    1
 -0.05381500   0.03909889    -0.02012029  -0.02769320     0.08556721   0.11777317
 -0.02012029  -0.02769320    -0.05101365   0.03706359    -0.08136919   0.05911817
  0.08556721   0.11777317    -0.08136919   0.05911817    -0.04834340   0.03512354
    2    2
  0.26973876   0.00000000     0.00000000  -0.01624017     0.00000000   0.00061686
  0.00000000   0.01624017     0.29179929   0.00000000    -0.00569306   0.00000000
  0.00000000  -0.00061686    -0.00569306   0.00000000     0.24886213   0.00000000

     Dynamical  Matrix in cartesian axes

     q = (    1.000000000  -0.600000000   0.200000000 ) 

    1    1
  0.26973876   0.00000000     0.00000000  -0.00061686     0.00000000   0.01624017
  0.00000000   0.00061686     0.24886213   0.00000000    -0.00569306   0.00000000
  0.00000000  -0.01624017    -0.00569306   0.00000000     0.29179929   0.00000000
    1    2
 -0.05381500  -0.03909889     0.08556721  -0.11777317    -0.02012029   0.02769320
  0.08556721  -0.11777317    -0.04834340  -0.03512354    -0.08136919  -0.05911817
 -0.02012029   0.02769320    -0.08136919  -0.05911817    -0.05101365  -0.03706359
    2    1
 -0.05381500   0.03909889     0.08556721   0.11777317    -0.02012029  -0.02769320
  0.08556721   0.11777317    -0.04834340   0.03512354    -0.08136919   0.05911817
 -0.02012029  -0.02769320    -0.08136919   0.05911817    -0.05101365   0.03706359
    2    2
  0.26973876   0.00000000     0.00000000   0.00061686     0.00000000  -0.01624017
  0.00000000  -0.00061686     0.24886213   0.00000000    -0.00569306   0.00000000
  0.00000000   0.01624017    -0.00569306   0.00000000     0.29179929   0.00000000

     Dynamical  Matrix in cartesian axes

     q = (   -0.600000000   1.000000000  -0.200000000 ) 

    1    1
  0.24886213   0.00000000     0.00000000  -0.00061686     0.00569306   0.00000000
  0.00000000   0.00061686     0.26973876   0.00000000     0.00000000   0.01624017
  0.00569306   0.00000000     0.00000000  -0.01624017     0.29179929   0.00000000
    1    2
 -0.04834340   0.03512354     0.08556721   0.11777317     0.08136919  -0.05911817
  0.08556721   0.11777317    -0.05381500   0.03909889     0.02012029   0.02769320
  0.08136919  -0.05911817     0.02012029   0.02769320    -0.05101365   0.03706359
    2    1
 -0.04834340  -0.03512354     0.08556721  -0.11777317     0.08136919   0.05911817
  0.08556721  -0.11777317    -0.05381500  -0.03909889     0.02012029  -0.02769320
  0.08136919   0.05911817     0.02012029  -0.02769320    -0.05101365  -0.03706359
    2    2
  0.24886213   0.00000000     0.00000000   0.00061686     0.00569306   0.00000000
  0.00000000  -0.00061686     0.26973876   0.00000000     0.00000000  -0.01624017
  0.00569306   0.00000000     0.00000000   0.01624017     0.29179929   0.00000000

     Dynamical  Matrix in cartesian axes

     q = (   -0.600000000  -1.000000000   0.200000000 ) 

    1    1
  0.24886213   0.00000000     0.00000000   0.00061686    -0.00569306   0.00000000
  0.00000000  -0.00061686     0.26973876   0.00000000     0.00000000   0.01624017
 -0.00569306   0.00000000     0.00000000  -0.01624017     0.29179929   0.00000000
    1    2
  0.01846554  -0.05683108     0.13845066   0.04498535     0.03108026  -0.09565522
  0.13845066   0.04498535     0.02055550  -0.06326333    -0.03255531  -0.01057786
  0.03108026  -0.09565522    -0.03255531  -0.01057786     0.01948548  -0.05997014
    2    1
  0.01846554   0.05683108     0.13845066  -0.04498535     0.03108026   0.09565522
  0.13845066  -0.04498535     0.02055550   0.06326333    -0.03255531   0.01057786
  0.03108026   0.09565522    -0.03255531   0.01057786     0.01948548   0.05997014
    2    2
  0.24886213   0.00000000     0.00000000  -0.00061686    -0.00569306   0.00000000
  0.00000000   0.00061686     0.26973876   0.00000000     0.00000000  -0.01624017
 -0.00569306   0.00000000     0.00000000   0.01624017     0.29179929   0.00000000

     Dynamical  Matrix in cartesian axes

     q = (    0.600000000  -1.000000000  -0.200000000 ) 

    1    1
  0.24886213   0.00000000     0.00000000  -0.00061686    -0.00569306   0.00000000
  0.00000000   0.00061686     0.26973876   0.00000000     0.00000000  -0.01624017
 -0.00569306   0.00000000     0.00000000   0.01624017     0.29179929   0.00000000
    1    2
  0.01846554   0.05683108     0.13845066  -0.04498535     0.03108026   0.09565522
  0.13845066  -0.04498535     0.02055550   0.06326333    -0.03255531   0.01057786
  0.03108026   0.09565522    -0.03255531   0.01057786     0.01948548   0.05997014
    2    1
  0.01846554  -0.05683108     0.13845066   0.04498535     0.03108026  -0.09565522
  0.13845066   0.04498535     0.02055550  -0.06326333    -0.03255531  -0.01057786
  0.03108026  -0.09565522    -0.03255531  -0.01057786     0.01948548  -0.05997014
    2    2
  0.24886213   0.00000000     0.00000000   0.00061686    -0.00569306   0.00000000
  0.00000000  -0.00061686     0.26973876   0.00000000     0.00000000   0.01624017
 -0.00569306   0.00000000     0.00000000  -0.01624017     0.29179929   0.00000000

     Dynamical  Matrix in cartesian axes

     q = (   -0.200000000   1.000000000   0.600000000 ) 

    1    1
  0.29179929   0.00000000     0.00000000   0.01624017    -0.00569306   0.00000000
  0.00000000  -0.01624017     0.26973876   0.00000000     0.00000000   0.00061686
 -0.00569306   0.00000000     0.00000000  -0.00061686     0.24886213   0.00000000
    1    2
  0.01948548  -0.05997014     0.03255531   0.01057786     0.03108026  -0.09565522
  0.03255531   0.01057786     0.02055550  -0.06326333    -0.13845066  -0.04498535
  0.03108026  -0.09565522    -0.13845066  -0.04498535     0.01846554  -0.05683108
    2    1
  0.01948548   0.05997014     0.03255531  -0.01057786     0.03108026   0.09565522
  0.03255531  -0.01057786     0.02055550   0.06326333    -0.13845066   0.04498535
  0.03108026   0.09565522    -0.13845066   0.04498535     0.01846554   0.05683108
    2    2
  0.29179929   0.00000000     0.00000000  -0.01624017    -0.00569306   0.00000000
  0.00000000   0.01624017     0.26973876   0.00000000     0.00000000  -0.00061686
 -0.00569306   0.00000000     0.00000000   0.00061686     0.24886213   0.00000000

     Dynamical  Matrix in cartesian axes

     q = (    0.200000000   1.000000000  -0.600000000 ) 

    1    1
  0.29179929   0.00000000     0.00000000  -0.01624017    -0.00569306   0.00000000
  0.00000000   0.01624017     0.26973876   0.00000000     0.00000000  -0.00061686
 -0.00569306   0.00000000     0.00000000   0.00061686     0.24886213   0.00000000
    1    2
  0.01948548   0.05997014     0.03255531  -0.01057786     0.03108026   0.09565522
  0.03255531  -0.01057786     0.02055550   0.06326333    -0.13845066   0.04498535
  0.03108026   0.09565522    -0.13845066   0.04498535     0.01846554   0.05683108
    2    1
  0.01948548  -0.05997014     0.03255531   0.01057786     0.03108026  -0.09565522
  0.03255531   0.01057786     0.02055550  -0.06326333    -0.13845066  -0.04498535
  0.03108026  -0.09565522    -0.13845066  -0.04498535     0.01846554  -0.05683108
    2    2
  0.29179929   0.00000000     0.00000000   0.01624017    -0.00569306   0.00000000
  0.00000000  -0.01624017     0.26973876   0.00000000     0.00000000   0.00061686
 -0.00569306   0.00000000     0.00000000  -0.00061686     0.24886213   0.00000000

     Dynamical  Matrix in cartesian axes

     q = (   -0.200000000  -1.000000000  -0.600000000 ) 

    1    1
  0.29179929   0.00000000     0.00000000  -0.01624017     0.00569306   0.00000000
  0.00000000   0.01624017     0.26973876   0.00000000     0.00000000   0.00061686
  0.00569306   0.00000000     0.00000000  -0.00061686     0.24886213   0.00000000
    1    2
 -0.05101365  -0.03706359    -0.02012029   0.02769320     0.08136919   0.05911817
 -0.02012029   0.02769320    -0.05381500  -0.03909889    -0.08556721   0.11777317
  0.08136919   0.05911817    -0.08556721   0.11777317    -0.04834340  -0.03512354
    2    1
 -0.05101365   0.03706359    -0.02012029  -0.02769320     0.08136919  -0.05911817
 -0.02012029  -0.02769320    -0.05381500   0.03909889    -0.08556721  -0.11777317
  0.08136919  -0.05911817    -0.08556721  -0.11777317    -0.04834340   0.03512354
    2    2
  0.29179929   0.00000000     0.00000000   0.01624017     0.00569306   0.00000000
  0.00000000  -0.01624017     0.26973876   0.00000000     0.00000000  -0.00061686
  0.00569306   0.00000000     0.00000000   0.00061686     0.24886213   0.00000000

     Dynamical  Matrix in cartesian axes

     q = (   -0.600000000   0.200000000   1.000000000 ) 

    1    1
  0.24886213   0.00000000    -0.00569306   0.00000000     0.00000000   0.00061686
 -0.00569306   0.00000000     0.29179929   0.00000000     0.00000000  -0.01624017
  0.00000000  -0.00061686     0.00000000   0.01624017     0.26973876   0.00000000
    1    2
  0.01846554  -0.05683108     0.03108026  -0.09565522     0.13845066   0.04498535
  0.03108026  -0.09565522     0.01948548  -0.05997014    -0.03255531  -0.01057786
  0.13845066   0.04498535    -0.03255531  -0.01057786     0.02055550  -0.06326333
    2    1
  0.01846554   0.05683108     0.03108026   0.09565522     0.13845066  -0.04498535
  0.03108026   0.09565522     0.01948548   0.05997014    -0.03255531   0.01057786
  0.13845066  -0.04498535    -0.03255531   0.01057786     0.02055550   0.06326333
    2    2
  0.24886213   0.00000000    -0.00569306   0.00000000     0.00000000  -0.00061686
 -0.00569306   0.00000000     0.29179929   0.00000000     0.00000000   0.01624017
  0.00000000   0.00061686     0.00000000  -0.01624017     0.26973876   0.00000000

     Dynamical  Matrix in cartesian axes

     q = (    1.000000000   0.600000000  -0.200000000 ) 

    1    1
  0.26973876   0.00000000     0.00000000   0.00061686     0.00000000  -0.01624017
  0.00000000  -0.00061686     0.24886213   0.00000000    -0.00569306   0.00000000
  0.00000000   0.01624017    -0.00569306   0.00000000     0.29179929   0.00000000
    1    2
 -0.05381500   0.03909889     0.08556721   0.11777317    -0.02012029  -0.02769320
  0.08556721   0.11777317    -0.04834340   0.03512354    -0.08136919   0.05911817
 -0.02012029  -0.02769320    -0.08136919   0.05911817    -0.05101365   0.03706359
    2    1
 -0.05381500  -0.03909889     0.08556721  -0.11777317    -0.02012029   0.02769320
  0.08556721  -0.11777317    -0.04834340  -0.03512354    -0.08136919  -0.05911817
 -0.02012029   0.02769320    -0.08136919  -0.05911817    -0.05101365  -0.03706359
    2    2
  0.26973876   0.00000000     0.00000000  -0.00061686     0.00000000   0.01624017
  0.00000000   0.00061686     0.24886213   0.00000000    -0.00569306   0.00000000
  0.00000000  -0.01624017    -0.00569306   0.00000000     0.29179929   0.00000000

     Dynamical  Matrix in cartesian axes

     q = (   -1.000000000  -0.600000000  -0.200000000 ) 

    1    1
  0.26973876   0.00000000     0.00000000   0.00061686     0.00000000   0.01624017
  0.00000000  -0.00061686     0.24886213   0.00000000     0.00569306   0.00000000
  0.00000000  -0.01624017     0.00569306   0.00000000     0.29179929   0.00000000
    1    2
  0.02055550   0.06326333     0.13845066  -0.04498535     0.03255531  -0.01057786
  0.13845066  -0.04498535     0.01846554   0.05683108    -0.03108026  -0.09565522
  0.03255531  -0.01057786    -0.03108026  -0.09565522     0.01948548   0.05997014
    2    1
  0.02055550  -0.06326333     0.13845066   0.04498535     0.03255531   0.01057786
  0.13845066   0.04498535     0.01846554  -0.05683108    -0.03108026   0.09565522
  0.03255531   0.01057786    -0.03108026   0.09565522     0.01948548  -0.05997014
    2    2
  0.26973876   0.00000000     0.00000000  -0.00061686     0.00000000  -0.01624017
  0.00000000   0.00061686     0.24886213   0.00000000     0.00569306   0.00000000
  0.00000000   0.01624017     0.00569306   0.00000000     0.29179929   0.00000000

     Dynamical  Matrix in cartesian axes

     q = (   -1.000000000   0.600000000   0.200000000 ) 

    1    1
  0.26973876   0.00000000     0.00000000  -0.00061686     0.00000000  -0.01624017
  0.00000000   0.00061686     0.24886213   0.00000000     0.00569306   0.00000000
  0.00000000   0.01624017     0.00569306   0.00000000     0.29179929   0.00000000
    1    2
  0.02055550  -0.06326333     0.13845066   0.04498535     0.03255531   0.01057786
  0.13845066   0.04498535     0.01846554  -0.05683108    -0.03108026   0.09565522
  0.03255531   0.01057786    -0.03108026   0.09565522     0.01948548  -0.05997014
    2    1
  0.02055550   0.06326333     0.13845066  -0.04498535     0.03255531  -0.01057786
  0.13845066  -0.04498535     0.01846554   0.05683108    -0.03108026  -0.09565522
  0.03255531  -0.01057786    -0.03108026  -0.09565522     0.01948548   0.05997014
    2    2
  0.26973876   0.00000000     0.00000000   0.00061686     0.00000000   0.01624017
  0.00000000  -0.00061686     0.24886213   0.00000000     0.00569306   0.00000000
  0.00000000  -0.01624017     0.00569306   0.00000000     0.29179929   0.00000000

     Dynamical  Matrix in cartesian axes

     q = (    0.200000000  -0.600000000   1.000000000 ) 

    1    1
  0.29179929   0.00000000    -0.00569306   0.00000000     0.00000000  -0.01624017
 -0.00569306   0.00000000     0.24886213   0.00000000     0.00000000   0.00061686
  0.00000000   0.01624017     0.00000000  -0.00061686     0.26973876   0.00000000
    1    2
  0.01948548   0.05997014     0.03108026   0.09565522     0.03255531  -0.01057786
  0.03108026   0.09565522     0.01846554   0.05683108    -0.13845066   0.04498535
  0.03255531  -0.01057786    -0.13845066   0.04498535     0.02055550   0.06326333
    2    1
  0.01948548  -0.05997014     0.03108026  -0.09565522     0.03255531   0.01057786
  0.03108026  -0.09565522     0.01846554  -0.05683108    -0.13845066  -0.04498535
  0.03255531   0.01057786    -0.13845066  -0.04498535     0.02055550  -0.06326333
    2    2
  0.29179929   0.00000000    -0.00569306   0.00000000     0.00000000   0.01624017
 -0.00569306   0.00000000     0.24886213   0.00000000     0.00000000  -0.00061686
  0.00000000  -0.01624017     0.00000000   0.00061686     0.26973876   0.00000000

     Dynamical  Matrix in cartesian axes

     q = (    0.200000000  -1.000000000   0.600000000 ) 

    1    1
  0.29179929   0.00000000     0.00000000   0.01624017     0.00569306   0.00000000
  0.00000000  -0.01624017     0.26973876   0.00000000     0.00000000  -0.00061686
  0.00569306   0.00000000     0.00000000   0.00061686     0.24886213   0.00000000
    1    2
 -0.05101365   0.03706359    -0.02012029  -0.02769320     0.08136919  -0.05911817
 -0.02012029  -0.02769320    -0.05381500   0.03909889    -0.08556721  -0.11777317
  0.08136919  -0.05911817    -0.08556721  -0.11777317    -0.04834340   0.03512354
    2    1
 -0.05101365  -0.03706359    -0.02012029   0.02769320     0.08136919   0.05911817
 -0.02012029   0.02769320    -0.05381500  -0.03909889    -0.08556721   0.11777317
  0.08136919   0.05911817    -0.08556721   0.11777317    -0.04834340  -0.03512354
    2    2
  0.29179929   0.00000000     0.00000000  -0.01624017     0.00569306   0.00000000
  0.00000000   0.01624017     0.26973876   0.00000000     0.00000000   0.00061686
  0.00569306   0.00000000     0.00000000  -0.00061686     0.24886213   0.00000000

     Dynamical  Matrix in cartesian axes

     q = (   -0.200000000  -0.600000000   1.000000000 ) 

    1    1
  0.29179929   0.00000000     0.00569306   0.00000000     0.00000000  -0.01624017
  0.00569306   0.00000000     0.24886213   0.00000000     0.00000000  -0.00061686
  0.00000000   0.01624017     0.00000000   0.00061686     0.26973876   0.00000000
    1    2
 -0.05101365  -0.03706359     0.08136919   0.05911817    -0.02012029   0.02769320
  0.08136919   0.05911817    -0.04834340  -0.03512354    -0.08556721   0.11777317
 -0.02012029   0.02769320    -0.08556721   0.11777317    -0.05381500  -0.03909889
    2    1
 -0.05101365   0.03706359     0.08136919  -0.05911817    -0.02012029  -0.02769320
  0.08136919  -0.05911817    -0.04834340   0.03512354    -0.08556721  -0.11777317
 -0.02012029  -0.02769320    -0.08556721  -0.11777317    -0.05381500   0.03909889
    2    2
  0.29179929   0.00000000     0.00569306   0.00000000     0.00000000   0.01624017
  0.00569306   0.00000000     0.24886213   0.00000000     0.00000000   0.00061686
  0.00000000  -0.01624017     0.00000000  -0.00061686     0.26973876   0.00000000

     Dynamical  Matrix in cartesian axes

     q = (   -0.200000000   0.600000000   1.000000000 ) 

    1    1
  0.29179929   0.00000000    -0.00569306   0.00000000     0.00000000   0.01624017
 -0.00569306   0.00000000     0.24886213   0.00000000     0.00000000  -0.00061686
  0.00000000  -0.01624017     0.00000000   0.00061686     0.26973876   0.00000000
    1    2
  0.01948548  -0.05997014     0.03108026  -0.09565522     0.03255531   0.01057786
  0.03108026  -0.09565522     0.01846554  -0.05683108    -0.13845066  -0.04498535
  0.03255531   0.01057786    -0.13845066  -0.04498535     0.02055550  -0.06326333
    2    1
  0.01948548   0.05997014     0.03108026   0.09565522     0.03255531  -0.01057786
  0.03108026   0.09565522     0.01846554   0.05683108    -0.13845066   0.04498535
  0.03255531  -0.01057786    -0.13845066   0.04498535     0.02055550   0.06326333
    2    2
  0.29179929   0.00000000    -0.00569306   0.00000000     0.00000000  -0.01624017
 -0.00569306   0.00000000     0.24886213   0.00000000     0.00000000   0.00061686
  0.00000000   0.01624017     0.00000000  -0.00061686     0.26973876   0.00000000

     Dynamical  Matrix in cartesian axes

     q = (    0.200000000   0.600000000  -1.000000000 ) 

    1    1
  0.29179929   0.00000000     0.00569306   0.00000000     0.00000000   0.01624017
  0.00569306   0.00000000     0.24886213   0.00000000     0.00000000   0.00061686
  0.00000000  -0.01624017     0.00000000  -0.00061686     0.26973876   0.00000000
    1    2
 -0.05101365   0.03706359     0.08136919  -0.05911817    -0.02012029  -0.02769320
  0.08136919  -0.05911817    -0.04834340   0.03512354    -0.08556721  -0.11777317
 -0.02012029  -0.02769320    -0.08556721  -0.11777317    -0.05381500   0.03909889
    2    1
 -0.05101365  -0.03706359     0.08136919   0.05911817    -0.02012029   0.02769320
  0.08136919   0.05911817    -0.04834340  -0.03512354    -0.08556721   0.11777317
 -0.02012029   0.02769320    -0.08556721   0.11777317    -0.05381500  -0.03909889
    2    2
  0.29179929   0.00000000     0.00569306   0.00000000     0.00000000  -0.01624017
  0.00569306   0.00000000     0.24886213   0.00000000     0.00000000  -0.00061686
  0.00000000   0.01624017     0.00000000   0.00061686     0.26973876   0.00000000

     Diagonalizing the dynamical matrix

     q = (    0.600000000  -0.200000000   1.000000000 ) 

 **************************************************************************
     freq (    1) =       5.373059 [THz] =     179.225943 [cm-1]
 ( -0.554263  0.180091 -0.289100  0.093934  0.080556  0.247926 ) 
 (  0.000000 -0.582787  0.000000 -0.303978  0.260685  0.000000 ) 
     freq (    2) =       5.928155 [THz] =     197.741980 [cm-1]
 (  0.401494 -0.130453 -0.174003  0.056537  0.165925  0.510666 ) 
 (  0.000000 -0.422156  0.000000  0.182958 -0.536946  0.000000 ) 
     freq (    3) =       9.577023 [THz] =     319.455091 [cm-1]
 ( -0.117247  0.038096  0.546049 -0.177422  0.121721  0.374617 ) 
 (  0.000000 -0.123280  0.000000  0.574150  0.393896  0.000000 ) 
     freq (    4) =      11.700532 [THz] =     390.287736 [cm-1]
 (  0.237109 -0.077041 -0.514873  0.167292 -0.117574 -0.361856 ) 
 (  0.000000 -0.249311  0.000000  0.541369  0.380478  0.000000 ) 
     freq (    5) =      13.942320 [THz] =     465.065739 [cm-1]
 (  0.484599 -0.157456  0.396085 -0.128696 -0.079943 -0.246039 ) 
 (  0.000000 -0.509538  0.000000 -0.416468  0.258700  0.000000 ) 
     freq (    6) =      14.079906 [THz] =     469.655125 [cm-1]
 (  0.362353 -0.117736 -0.265529  0.086276  0.162606  0.500448 ) 
 (  0.000000  0.381001  0.000000 -0.279194  0.526203  0.000000 ) 
 **************************************************************************
