Dynamical matrix file
                                                                           
  1    2   2  10.2623467   0.0000000   0.0000000   0.0000000   0.0000000   0.0000000
           1  'Si  '    25598.8230119497     
    1    1      0.0000000000      0.0000000000      0.0000000000
    2    1     -0.2500000000      0.2500000000      0.2500000000

     Dynamical  Matrix in cartesian axes

     q = (    0.400000000   0.000000000   0.400000000 ) 

    1    1
  0.27081738   0.00000000     0.00000000  -0.00627952     0.00994655   0.00000000
  0.00000000   0.00627952     0.27689805   0.00000000     0.00000000   0.00627952
  0.00994655   0.00000000     0.00000000  -0.00627952     0.27081738   0.00000000
    1    2
 -0.16651660   0.00000000     0.00000000   0.08485565     0.06239437   0.00000000
  0.00000000   0.08485565    -0.18009326   0.00000000     0.00000000   0.08485565
  0.06239437   0.00000000     0.00000000   0.08485565    -0.16651660   0.00000000
    2    1
 -0.16651660   0.00000000     0.00000000  -0.08485565     0.06239437   0.00000000
  0.00000000  -0.08485565    -0.18009326   0.00000000     0.00000000  -0.08485565
  0.06239437   0.00000000     0.00000000  -0.08485565    -0.16651660   0.00000000
    2    2
  0.27081738   0.00000000     0.00000000   0.00627952     0.00994655   0.00000000
  0.00000000  -0.00627952     0.27689805   0.00000000     0.00000000  -0.00627952
  0.00994655   0.00000000     0.00000000   0.00627952     0.27081738   0.00000000

     Dynamical  Matrix in cartesian axes

     q = (   -0.400000000   0.000000000  -0.400000000 ) 

    1    1
  0.27081738   0.00000000     0.00000000   0.00627952     0.00994655   0.00000000
  0.00000000  -0.00627952     0.27689805   0.00000000     0.00000000  -0.00627952
  0.00994655   0.00000000     0.00000000   0.00627952     0.27081738   0.00000000
    1    2
 -0.16651660   0.00000000     0.00000000  -0.08485565     0.06239437   0.00000000
  0.00000000  -0.08485565    -0.18009326   0.00000000     0.00000000  -0.08485565
  0.06239437   0.00000000     0.00000000  -0.08485565    -0.16651660   0.00000000
    2    1
 -0.16651660   0.00000000     0.00000000   0.08485565     0.06239437   0.00000000
  0.00000000   0.08485565    -0.18009326   0.00000000     0.00000000   0.08485565
  0.06239437   0.00000000     0.00000000   0.08485565    -0.16651660   0.00000000
    2    2
  0.27081738   0.00000000     0.00000000  -0.00627952     0.00994655   0.00000000
  0.00000000   0.00627952     0.27689805   0.00000000     0.00000000   0.00627952
  0.00994655   0.00000000     0.00000000  -0.00627952     0.27081738   0.00000000

     Dynamical  Matrix in cartesian axes

     q = (    0.400000000   0.000000000  -0.400000000 ) 

    1    1
  0.27081738   0.00000000     0.00000000   0.00627952    -0.00994655   0.00000000
  0.00000000  -0.00627952     0.27689805   0.00000000     0.00000000   0.00627952
 -0.00994655   0.00000000     0.00000000  -0.00627952     0.27081738   0.00000000
    1    2
 -0.05145646  -0.15836670     0.08070251  -0.02622184    -0.01928092  -0.05934057
  0.08070251  -0.02622184    -0.05565188  -0.17127886    -0.08070251   0.02622184
 -0.01928092  -0.05934057    -0.08070251   0.02622184    -0.05145646  -0.15836670
    2    1
 -0.05145646   0.15836670     0.08070251   0.02622184    -0.01928092   0.05934057
  0.08070251   0.02622184    -0.05565188   0.17127886    -0.08070251  -0.02622184
 -0.01928092   0.05934057    -0.08070251  -0.02622184    -0.05145646   0.15836670
    2    2
  0.27081738   0.00000000     0.00000000  -0.00627952    -0.00994655   0.00000000
  0.00000000   0.00627952     0.27689805   0.00000000     0.00000000  -0.00627952
 -0.00994655   0.00000000     0.00000000   0.00627952     0.27081738   0.00000000

     Dynamical  Matrix in cartesian axes

     q = (   -0.400000000   0.000000000   0.400000000 ) 

    1    1
  0.27081738   0.00000000     0.00000000  -0.00627952    -0.00994655   0.00000000
  0.00000000   0.00627952     0.27689805   0.00000000     0.00000000  -0.00627952
 -0.00994655   0.00000000     0.00000000   0.00627952     0.27081738   0.00000000
    1    2
 -0.05145646   0.15836670     0.08070251   0.02622184    -0.01928092   0.05934057
  0.08070251   0.02622184    -0.05565188   0.17127886    -0.08070251  -0.02622184
 -0.01928092   0.05934057    -0.08070251  -0.02622184    -0.05145646   0.15836670
    2    1
 -0.05145646  -0.15836670     0.08070251  -0.02622184    -0.01928092  -0.05934057
  0.08070251  -0.02622184    -0.05565188  -0.17127886    -0.08070251   0.02622184
 -0.01928092  -0.05934057    -0.08070251   0.02622184    -0.05145646  -0.15836670
    2    2
  0.27081738   0.00000000     0.00000000   0.00627952    -0.00994655   0.00000000
  0.00000000  -0.00627952     0.27689805   0.00000000     0.00000000   0.00627952
 -0.00994655   0.00000000     0.00000000  -0.00627952     0.27081738   0.00000000

     Dynamical  Matrix in cartesian axes

     q = (    0.400000000  -0.400000000   0.000000000 ) 

    1    1
  0.27081738   0.00000000    -0.00994655   0.00000000     0.00000000   0.00627952
 -0.00994655   0.00000000     0.27081738   0.00000000     0.00000000  -0.00627952
  0.00000000  -0.00627952     0.00000000   0.00627952     0.27689805   0.00000000
    1    2
 -0.05145646  -0.15836670    -0.01928092  -0.05934057     0.08070251  -0.02622184
 -0.01928092  -0.05934057    -0.05145646  -0.15836670    -0.08070251   0.02622184
  0.08070251  -0.02622184    -0.08070251   0.02622184    -0.05565188  -0.17127886
    2    1
 -0.05145646   0.15836670    -0.01928092   0.05934057     0.08070251   0.02622184
 -0.01928092   0.05934057    -0.05145646   0.15836670    -0.08070251  -0.02622184
  0.08070251   0.02622184    -0.08070251  -0.02622184    -0.05565188   0.17127886
    2    2
  0.27081738   0.00000000    -0.00994655   0.00000000     0.00000000  -0.00627952
 -0.00994655   0.00000000     0.27081738   0.00000000     0.00000000   0.00627952
  0.00000000   0.00627952     0.00000000  -0.00627952     0.27689805   0.00000000

     Dynamical  Matrix in cartesian axes

     q = (   -0.400000000   0.400000000   0.000000000 ) 

    1    1
  0.27081738   0.00000000    -0.00994655   0.00000000     0.00000000  -0.00627952
 -0.00994655   0.00000000     0.27081738   0.00000000     0.00000000   0.00627952
  0.00000000   0.00627952     0.00000000  -0.00627952     0.27689805   0.00000000
    1    2
 -0.05145646   0.15836670    -0.01928092   0.05934057     0.08070251   0.02622184
 -0.01928092   0.05934057    -0.05145646   0.15836670    -0.08070251  -0.02622184
  0.08070251   0.02622184    -0.08070251  -0.02622184    -0.05565188   0.17127886
    2    1
 -0.05145646  -0.15836670    -0.01928092  -0.05934057     0.08070251  -0.02622184
 -0.01928092  -0.05934057    -0.05145646  -0.15836670    -0.08070251   0.02622184
  0.08070251  -0.02622184    -0.08070251   0.02622184    -0.05565188  -0.17127886
    2    2
  0.27081738   0.00000000    -0.00994655   0.00000000     0.00000000   0.00627952
 -0.00994655   0.00000000     0.27081738   0.00000000     0.00000000  -0.00627952
  0.00000000  -0.00627952     0.00000000   0.00627952     0.27689805   0.00000000

     Dynamical  Matrix in cartesian axes

     q = (   -0.400000000  -0.400000000   0.000000000 ) 

    1    1
  0.27081738   0.00000000     0.00994655   0.00000000     0.00000000   0.00627952
  0.00994655   0.00000000     0.27081738   0.00000000     0.00000000   0.00627952
  0.00000000  -0.00627952     0.00000000  -0.00627952     0.27689805   0.00000000
    1    2
 -0.16651660   0.00000000     0.06239437   0.00000000     0.00000000  -0.08485565
  0.06239437   0.00000000    -0.16651660   0.00000000     0.00000000  -0.08485565
  0.00000000  -0.08485565     0.00000000  -0.08485565    -0.18009326   0.00000000
    2    1
 -0.16651660   0.00000000     0.06239437   0.00000000     0.00000000   0.08485565
  0.06239437   0.00000000    -0.16651660   0.00000000     0.00000000   0.08485565
  0.00000000   0.08485565     0.00000000   0.08485565    -0.18009326   0.00000000
    2    2
  0.27081738   0.00000000     0.00994655   0.00000000     0.00000000  -0.00627952
  0.00994655   0.00000000     0.27081738   0.00000000     0.00000000  -0.00627952
  0.00000000   0.00627952     0.00000000   0.00627952     0.27689805   0.00000000

     Dynamical  Matrix in cartesian axes

     q = (    0.400000000   0.400000000   0.000000000 ) 

    1    1
  0.27081738   0.00000000     0.00994655   0.00000000     0.00000000  -0.00627952
  0.00994655   0.00000000     0.27081738   0.00000000     0.00000000  -0.00627952
  0.00000000   0.00627952     0.00000000   0.00627952     0.27689805   0.00000000
    1    2
 -0.16651660   0.00000000     0.06239437   0.00000000     0.00000000   0.08485565
  0.06239437   0.00000000    -0.16651660   0.00000000     0.00000000   0.08485565
  0.00000000   0.08485565     0.00000000   0.08485565    -0.18009326   0.00000000
    2    1
 -0.16651660   0.00000000     0.06239437   0.00000000     0.00000000  -0.08485565
  0.06239437   0.00000000    -0.16651660   0.00000000     0.00000000  -0.08485565
  0.00000000  -0.08485565     0.00000000  -0.08485565    -0.18009326   0.00000000
    2    2
  0.27081738   0.00000000     0.00994655   0.00000000     0.00000000   0.00627952
  0.00994655   0.00000000     0.27081738   0.00000000     0.00000000   0.00627952
  0.00000000  -0.00627952     0.00000000  -0.00627952     0.27689805   0.00000000

     Dynamical  Matrix in cartesian axes

     q = (    0.000000000   0.400000000   0.400000000 ) 

    1    1
  0.27689805   0.00000000     0.00000000   0.00627952     0.00000000   0.00627952
  0.00000000  -0.00627952     0.27081738   0.00000000     0.00994655   0.00000000
  0.00000000  -0.00627952     0.00994655   0.00000000     0.27081738   0.00000000
    1    2
 -0.05565188   0.17127886     0.08070251   0.02622184     0.08070251   0.02622184
  0.08070251   0.02622184    -0.05145646   0.15836670     0.01928092  -0.05934057
  0.08070251   0.02622184     0.01928092  -0.05934057    -0.05145646   0.15836670
    2    1
 -0.05565188  -0.17127886     0.08070251  -0.02622184     0.08070251  -0.02622184
  0.08070251  -0.02622184    -0.05145646  -0.15836670     0.01928092   0.05934057
  0.08070251  -0.02622184     0.01928092   0.05934057    -0.05145646  -0.15836670
    2    2
  0.27689805   0.00000000     0.00000000  -0.00627952     0.00000000  -0.00627952
  0.00000000   0.00627952     0.27081738   0.00000000     0.00994655   0.00000000
  0.00000000   0.00627952     0.00994655   0.00000000     0.27081738   0.00000000

     Dynamical  Matrix in cartesian axes

     q = (    0.000000000   0.400000000  -0.400000000 ) 

    1    1
  0.27689805   0.00000000     0.00000000  -0.00627952     0.00000000   0.00627952
  0.00000000   0.00627952     0.27081738   0.00000000    -0.00994655   0.00000000
  0.00000000  -0.00627952    -0.00994655   0.00000000     0.27081738   0.00000000
    1    2
 -0.18009326   0.00000000     0.00000000  -0.08485565     0.00000000   0.08485565
  0.00000000  -0.08485565    -0.16651660   0.00000000    -0.06239437   0.00000000
  0.00000000   0.08485565    -0.06239437   0.00000000    -0.16651660   0.00000000
    2    1
 -0.18009326   0.00000000     0.00000000   0.08485565     0.00000000  -0.08485565
  0.00000000   0.08485565    -0.16651660   0.00000000    -0.06239437   0.00000000
  0.00000000  -0.08485565    -0.06239437   0.00000000    -0.16651660   0.00000000
    2    2
  0.27689805   0.00000000     0.00000000   0.00627952     0.00000000  -0.00627952
  0.00000000  -0.00627952     0.27081738   0.00000000    -0.00994655   0.00000000
  0.00000000   0.00627952    -0.00994655   0.00000000     0.27081738   0.00000000

     Dynamical  Matrix in cartesian axes

     q = (    0.000000000  -0.400000000  -0.400000000 ) 

    1    1
  0.27689805   0.00000000     0.00000000  -0.00627952     0.00000000  -0.00627952
  0.00000000   0.00627952     0.27081738   0.00000000     0.00994655   0.00000000
  0.00000000   0.00627952     0.00994655   0.00000000     0.27081738   0.00000000
    1    2
 -0.05565188  -0.17127886     0.08070251  -0.02622184     0.08070251  -0.02622184
  0.08070251  -0.02622184    -0.05145646  -0.15836670     0.01928092   0.05934057
  0.08070251  -0.02622184     0.01928092   0.05934057    -0.05145646  -0.15836670
    2    1
 -0.05565188   0.17127886     0.08070251   0.02622184     0.08070251   0.02622184
  0.08070251   0.02622184    -0.05145646   0.15836670     0.01928092  -0.05934057
  0.08070251   0.02622184     0.01928092  -0.05934057    -0.05145646   0.15836670
    2    2
  0.27689805   0.00000000     0.00000000   0.00627952     0.00000000   0.00627952
  0.00000000  -0.00627952     0.27081738   0.00000000     0.00994655   0.00000000
  0.00000000  -0.00627952     0.00994655   0.00000000     0.27081738   0.00000000

     Dynamical  Matrix in cartesian axes

     q = (    0.000000000  -0.400000000   0.400000000 ) 

    1    1
  0.27689805   0.00000000     0.00000000   0.00627952     0.00000000  -0.00627952
  0.00000000  -0.00627952     0.27081738   0.00000000    -0.00994655   0.00000000
  0.00000000   0.00627952    -0.00994655   0.00000000     0.27081738   0.00000000
    1    2
 -0.18009326   0.00000000     0.00000000   0.08485565     0.00000000  -0.08485565
  0.00000000   0.08485565    -0.16651660   0.00000000    -0.06239437   0.00000000
  0.00000000  -0.08485565    -0.06239437   0.00000000    -0.16651660   0.00000000
    2    1
 -0.18009326   0.00000000     0.00000000  -0.08485565     0.00000000   0.08485565
  0.00000000  -0.08485565    -0.16651660   0.00000000    -0.06239437   0.00000000
  0.00000000   0.08485565    -0.06239437   0.00000000    -0.16651660   0.00000000
    2    2
  0.27689805   0.00000000     0.00000000  -0.00627952     0.00000000   0.00627952
  0.00000000   0.00627952     0.27081738   0.00000000    -0.00994655   0.00000000
  0.00000000  -0.00627952    -0.00994655   0.00000000     0.27081738   0.00000000

     Diagonalizing the dynamical matrix

     q = (    0.400000000   0.000000000   0.400000000 ) 

 **************************************************************************
     freq (    1) =       3.675932 [THz] =     122.615904 [cm-1]
 ( -0.500000  0.000000  0.000000  0.000000  0.500000  0.000000 ) 
 ( -0.500000  0.000000  0.000000  0.000000  0.500000  0.000000 ) 
     freq (    2) =       4.991188 [THz] =     166.488124 [cm-1]
 ( -0.161336  0.000000  0.000000 -0.669284 -0.161336  0.000000 ) 
 (  0.161336  0.000000  0.000000 -0.669284  0.161336  0.000000 ) 
     freq (    3) =       7.310223 [THz] =     243.842781 [cm-1]
 (  0.465850  0.000000  0.000000 -0.256841  0.465850  0.000000 ) 
 (  0.465850  0.000000  0.000000  0.256841  0.465850  0.000000 ) 
     freq (    4) =      13.369543 [THz] =     445.959948 [cm-1]
 (  0.473255  0.000000  0.000000 -0.228164  0.473255  0.000000 ) 
 ( -0.473255  0.000000  0.000000 -0.228164 -0.473255  0.000000 ) 
     freq (    5) =      14.390184 [THz] =     480.004879 [cm-1]
 ( -0.500000  0.000000  0.000000  0.000000  0.500000  0.000000 ) 
 (  0.500000  0.000000  0.000000  0.000000 -0.500000  0.000000 ) 
     freq (    6) =      14.644373 [THz] =     488.483696 [cm-1]
 (  0.181614  0.000000  0.000000  0.658812  0.181614  0.000000 ) 
 (  0.181614  0.000000  0.000000 -0.658812  0.181614  0.000000 ) 
 **************************************************************************
