Dynamical matrix file
                                                                           
  1    2   2  10.2623467   0.0000000   0.0000000   0.0000000   0.0000000   0.0000000
           1  'Si  '    25598.8230119497     
    1    1      0.0000000000      0.0000000000      0.0000000000
    2    1     -0.2500000000      0.2500000000      0.2500000000

     Dynamical  Matrix in cartesian axes

     q = (   -0.400000000   0.400000000  -0.400000000 ) 

    1    1
  0.28417758   0.00000000    -0.01933331   0.00000000     0.01933331   0.00000000
 -0.01933331   0.00000000     0.28417758   0.00000000    -0.01933331   0.00000000
  0.01933331   0.00000000    -0.01933331   0.00000000     0.28417758   0.00000000
    1    2
 -0.15940535   0.03330642    -0.08088547  -0.02622057     0.08088547   0.02622057
 -0.08088547  -0.02622057    -0.15940535   0.03330642    -0.08088547  -0.02622057
  0.08088547   0.02622057    -0.08088547  -0.02622057    -0.15940535   0.03330642
    2    1
 -0.15940535  -0.03330642    -0.08088547   0.02622057     0.08088547  -0.02622057
 -0.08088547   0.02622057    -0.15940535  -0.03330642    -0.08088547   0.02622057
  0.08088547  -0.02622057    -0.08088547   0.02622057    -0.15940535  -0.03330642
    2    2
  0.28417758   0.00000000    -0.01933331   0.00000000     0.01933331   0.00000000
 -0.01933331   0.00000000     0.28417758   0.00000000    -0.01933331   0.00000000
  0.01933331   0.00000000    -0.01933331   0.00000000     0.28417758   0.00000000

     Dynamical  Matrix in cartesian axes

     q = (   -0.400000000   0.400000000   0.400000000 ) 

    1    1
  0.28417758   0.00000000    -0.01933331   0.00000000    -0.01933331   0.00000000
 -0.01933331   0.00000000     0.28417758   0.00000000     0.01933331   0.00000000
 -0.01933331   0.00000000     0.01933331   0.00000000     0.28417758   0.00000000
    1    2
  0.10938461   0.12064157     0.08084978   0.02633040     0.08084978   0.02633040
  0.08084978   0.02633040     0.10938461   0.12064157    -0.08084978  -0.02633040
  0.08084978   0.02633040    -0.08084978  -0.02633040     0.10938461   0.12064157
    2    1
  0.10938461  -0.12064157     0.08084978  -0.02633040     0.08084978  -0.02633040
  0.08084978  -0.02633040     0.10938461  -0.12064157    -0.08084978   0.02633040
  0.08084978  -0.02633040    -0.08084978   0.02633040     0.10938461  -0.12064157
    2    2
  0.28417758   0.00000000    -0.01933331   0.00000000    -0.01933331   0.00000000
 -0.01933331   0.00000000     0.28417758   0.00000000     0.01933331   0.00000000
 -0.01933331   0.00000000     0.01933331   0.00000000     0.28417758   0.00000000

     Dynamical  Matrix in cartesian axes

     q = (    0.400000000   0.400000000  -0.400000000 ) 

    1    1
  0.28417758   0.00000000     0.01933331   0.00000000    -0.01933331   0.00000000
  0.01933331   0.00000000     0.28417758   0.00000000    -0.01933331   0.00000000
 -0.01933331   0.00000000    -0.01933331   0.00000000     0.28417758   0.00000000
    1    2
 -0.15940535  -0.03330642     0.08088547  -0.02622057    -0.08088547   0.02622057
  0.08088547  -0.02622057    -0.15940535  -0.03330642    -0.08088547   0.02622057
 -0.08088547   0.02622057    -0.08088547   0.02622057    -0.15940535  -0.03330642
    2    1
 -0.15940535   0.03330642     0.08088547   0.02622057    -0.08088547  -0.02622057
  0.08088547   0.02622057    -0.15940535   0.03330642    -0.08088547  -0.02622057
 -0.08088547  -0.02622057    -0.08088547  -0.02622057    -0.15940535   0.03330642
    2    2
  0.28417758   0.00000000     0.01933331   0.00000000    -0.01933331   0.00000000
  0.01933331   0.00000000     0.28417758   0.00000000    -0.01933331   0.00000000
 -0.01933331   0.00000000    -0.01933331   0.00000000     0.28417758   0.00000000

     Dynamical  Matrix in cartesian axes

     q = (    0.400000000   0.400000000   0.400000000 ) 

    1    1
  0.28417758   0.00000000     0.01933331   0.00000000     0.01933331   0.00000000
  0.01933331   0.00000000     0.28417758   0.00000000     0.01933331   0.00000000
  0.01933331   0.00000000     0.01933331   0.00000000     0.28417758   0.00000000
    1    2
 -0.15940535   0.03330642     0.08088547   0.02622057     0.08088547   0.02622057
  0.08088547   0.02622057    -0.15940535   0.03330642     0.08088547   0.02622057
  0.08088547   0.02622057     0.08088547   0.02622057    -0.15940535   0.03330642
    2    1
 -0.15940535  -0.03330642     0.08088547  -0.02622057     0.08088547  -0.02622057
  0.08088547  -0.02622057    -0.15940535  -0.03330642     0.08088547  -0.02622057
  0.08088547  -0.02622057     0.08088547  -0.02622057    -0.15940535  -0.03330642
    2    2
  0.28417758   0.00000000     0.01933331   0.00000000     0.01933331   0.00000000
  0.01933331   0.00000000     0.28417758   0.00000000     0.01933331   0.00000000
  0.01933331   0.00000000     0.01933331   0.00000000     0.28417758   0.00000000

     Dynamical  Matrix in cartesian axes

     q = (    0.400000000  -0.400000000   0.400000000 ) 

    1    1
  0.28417758   0.00000000    -0.01933331   0.00000000     0.01933331   0.00000000
 -0.01933331   0.00000000     0.28417758   0.00000000    -0.01933331   0.00000000
  0.01933331   0.00000000    -0.01933331   0.00000000     0.28417758   0.00000000
    1    2
 -0.15940535  -0.03330642    -0.08088547   0.02622057     0.08088547  -0.02622057
 -0.08088547   0.02622057    -0.15940535  -0.03330642    -0.08088547   0.02622057
  0.08088547  -0.02622057    -0.08088547   0.02622057    -0.15940535  -0.03330642
    2    1
 -0.15940535   0.03330642    -0.08088547  -0.02622057     0.08088547   0.02622057
 -0.08088547  -0.02622057    -0.15940535   0.03330642    -0.08088547  -0.02622057
  0.08088547   0.02622057    -0.08088547  -0.02622057    -0.15940535   0.03330642
    2    2
  0.28417758   0.00000000    -0.01933331   0.00000000     0.01933331   0.00000000
 -0.01933331   0.00000000     0.28417758   0.00000000    -0.01933331   0.00000000
  0.01933331   0.00000000    -0.01933331   0.00000000     0.28417758   0.00000000

     Dynamical  Matrix in cartesian axes

     q = (   -0.400000000  -0.400000000  -0.400000000 ) 

    1    1
  0.28417758   0.00000000     0.01933331   0.00000000     0.01933331   0.00000000
  0.01933331   0.00000000     0.28417758   0.00000000     0.01933331   0.00000000
  0.01933331   0.00000000     0.01933331   0.00000000     0.28417758   0.00000000
    1    2
 -0.15940535  -0.03330642     0.08088547  -0.02622057     0.08088547  -0.02622057
  0.08088547  -0.02622057    -0.15940535  -0.03330642     0.08088547  -0.02622057
  0.08088547  -0.02622057     0.08088547  -0.02622057    -0.15940535  -0.03330642
    2    1
 -0.15940535   0.03330642     0.08088547   0.02622057     0.08088547   0.02622057
  0.08088547   0.02622057    -0.15940535   0.03330642     0.08088547   0.02622057
  0.08088547   0.02622057     0.08088547   0.02622057    -0.15940535   0.03330642
    2    2
  0.28417758   0.00000000     0.01933331   0.00000000     0.01933331   0.00000000
  0.01933331   0.00000000     0.28417758   0.00000000     0.01933331   0.00000000
  0.01933331   0.00000000     0.01933331   0.00000000     0.28417758   0.00000000

     Dynamical  Matrix in cartesian axes

     q = (    0.400000000  -0.400000000  -0.400000000 ) 

    1    1
  0.28417758   0.00000000    -0.01933331   0.00000000    -0.01933331   0.00000000
 -0.01933331   0.00000000     0.28417758   0.00000000     0.01933331   0.00000000
 -0.01933331   0.00000000     0.01933331   0.00000000     0.28417758   0.00000000
    1    2
  0.10938461  -0.12064157     0.08084978  -0.02633040     0.08084978  -0.02633040
  0.08084978  -0.02633040     0.10938461  -0.12064157    -0.08084978   0.02633040
  0.08084978  -0.02633040    -0.08084978   0.02633040     0.10938461  -0.12064157
    2    1
  0.10938461   0.12064157     0.08084978   0.02633040     0.08084978   0.02633040
  0.08084978   0.02633040     0.10938461   0.12064157    -0.08084978  -0.02633040
  0.08084978   0.02633040    -0.08084978  -0.02633040     0.10938461   0.12064157
    2    2
  0.28417758   0.00000000    -0.01933331   0.00000000    -0.01933331   0.00000000
 -0.01933331   0.00000000     0.28417758   0.00000000     0.01933331   0.00000000
 -0.01933331   0.00000000     0.01933331   0.00000000     0.28417758   0.00000000

     Dynamical  Matrix in cartesian axes

     q = (   -0.400000000  -0.400000000   0.400000000 ) 

    1    1
  0.28417758   0.00000000     0.01933331   0.00000000    -0.01933331   0.00000000
  0.01933331   0.00000000     0.28417758   0.00000000    -0.01933331   0.00000000
 -0.01933331   0.00000000    -0.01933331   0.00000000     0.28417758   0.00000000
    1    2
 -0.15940535   0.03330642     0.08088547   0.02622057    -0.08088547  -0.02622057
  0.08088547   0.02622057    -0.15940535   0.03330642    -0.08088547  -0.02622057
 -0.08088547  -0.02622057    -0.08088547  -0.02622057    -0.15940535   0.03330642
    2    1
 -0.15940535  -0.03330642     0.08088547  -0.02622057    -0.08088547   0.02622057
  0.08088547  -0.02622057    -0.15940535  -0.03330642    -0.08088547   0.02622057
 -0.08088547   0.02622057    -0.08088547   0.02622057    -0.15940535  -0.03330642
    2    2
  0.28417758   0.00000000     0.01933331   0.00000000    -0.01933331   0.00000000
  0.01933331   0.00000000     0.28417758   0.00000000    -0.01933331   0.00000000
 -0.01933331   0.00000000    -0.01933331   0.00000000     0.28417758   0.00000000

     Diagonalizing the dynamical matrix

     q = (   -0.400000000   0.400000000  -0.400000000 ) 

 **************************************************************************
     freq (    1) =       3.215108 [THz] =     107.244464 [cm-1]
 ( -0.241048 -0.013750  0.333033 -0.030678  0.574080 -0.016929 ) 
 ( -0.240538 -0.020849  0.333792 -0.020849  0.574330  0.000000 ) 
     freq (    2) =       3.215108 [THz] =     107.244464 [cm-1]
 ( -0.477355  0.217191 -0.418403  0.215453  0.058952 -0.001738 ) 
 ( -0.483550  0.203027 -0.424572  0.203027  0.058978  0.000000 ) 
     freq (    3) =      10.011470 [THz] =     333.946702 [cm-1]
 ( -0.011258 -0.408093  0.011258  0.408093 -0.011258 -0.408093 ) 
 (  0.408248  0.000000 -0.408248  0.000000  0.408248  0.000000 ) 
     freq (    4) =      13.143989 [THz] =     438.436271 [cm-1]
 ( -0.011258 -0.408093  0.011258  0.408093 -0.011258 -0.408093 ) 
 ( -0.408248  0.000000  0.408248  0.000000 -0.408248  0.000000 ) 
     freq (    5) =      14.615501 [THz] =     487.520626 [cm-1]
 ( -0.355421 -0.351688 -0.355395 -0.351689  0.000027 -0.000001 ) 
 (  0.344901  0.362012  0.344874  0.362012 -0.000027  0.000000 ) 
     freq (    6) =      14.615501 [THz] =     487.520626 [cm-1]
 (  0.288533 -0.008525 -0.288566  0.008493 -0.577099  0.017018 ) 
 ( -0.288659  0.000017  0.288691  0.000017  0.577350  0.000000 ) 
 **************************************************************************
