Dynamical matrix file
                                                                           
  1    2   2  10.2623467   0.0000000   0.0000000   0.0000000   0.0000000   0.0000000
           1  'Si  '    25598.8230119497     
    1    1      0.0000000000      0.0000000000      0.0000000000
    2    1     -0.2500000000      0.2500000000      0.2500000000

     Dynamical  Matrix in cartesian axes

     q = (    0.000000000   0.400000000   0.000000000 ) 

    1    1
  0.25797394   0.00000000     0.00000000   0.00000000     0.00000000   0.00000000
  0.00000000   0.00000000     0.30436796   0.00000000     0.00000000   0.00000000
  0.00000000   0.00000000     0.00000000   0.00000000     0.25797394   0.00000000
    1    2
 -0.16735919   0.12159357     0.00000000   0.00000000     0.06069835   0.08354411
  0.00000000   0.00000000    -0.17996245   0.13075037     0.00000000   0.00000000
  0.06069835   0.08354411     0.00000000   0.00000000    -0.16735919   0.12159357
    2    1
 -0.16735919  -0.12159357     0.00000000   0.00000000     0.06069835  -0.08354411
  0.00000000   0.00000000    -0.17996245  -0.13075037     0.00000000   0.00000000
  0.06069835  -0.08354411     0.00000000   0.00000000    -0.16735919  -0.12159357
    2    2
  0.25797394   0.00000000     0.00000000   0.00000000     0.00000000   0.00000000
  0.00000000   0.00000000     0.30436796   0.00000000     0.00000000   0.00000000
  0.00000000   0.00000000     0.00000000   0.00000000     0.25797394   0.00000000

     Dynamical  Matrix in cartesian axes

     q = (    0.000000000   0.000000000  -0.400000000 ) 

    1    1
  0.25797394   0.00000000     0.00000000   0.00000000     0.00000000   0.00000000
  0.00000000   0.00000000     0.25797394   0.00000000     0.00000000   0.00000000
  0.00000000   0.00000000     0.00000000   0.00000000     0.30436796   0.00000000
    1    2
 -0.16735919  -0.12159357     0.06069835  -0.08354411     0.00000000   0.00000000
  0.06069835  -0.08354411    -0.16735919  -0.12159357     0.00000000   0.00000000
  0.00000000   0.00000000     0.00000000   0.00000000    -0.17996245  -0.13075037
    2    1
 -0.16735919   0.12159357     0.06069835   0.08354411     0.00000000   0.00000000
  0.06069835   0.08354411    -0.16735919   0.12159357     0.00000000   0.00000000
  0.00000000   0.00000000     0.00000000   0.00000000    -0.17996245   0.13075037
    2    2
  0.25797394   0.00000000     0.00000000   0.00000000     0.00000000   0.00000000
  0.00000000   0.00000000     0.25797394   0.00000000     0.00000000   0.00000000
  0.00000000   0.00000000     0.00000000   0.00000000     0.30436796   0.00000000

     Dynamical  Matrix in cartesian axes

     q = (    0.000000000  -0.400000000   0.000000000 ) 

    1    1
  0.25797394   0.00000000     0.00000000   0.00000000     0.00000000   0.00000000
  0.00000000   0.00000000     0.30436796   0.00000000     0.00000000   0.00000000
  0.00000000   0.00000000     0.00000000   0.00000000     0.25797394   0.00000000
    1    2
 -0.16735919  -0.12159357     0.00000000   0.00000000     0.06069835  -0.08354411
  0.00000000   0.00000000    -0.17996245  -0.13075037     0.00000000   0.00000000
  0.06069835  -0.08354411     0.00000000   0.00000000    -0.16735919  -0.12159357
    2    1
 -0.16735919   0.12159357     0.00000000   0.00000000     0.06069835   0.08354411
  0.00000000   0.00000000    -0.17996245   0.13075037     0.00000000   0.00000000
  0.06069835   0.08354411     0.00000000   0.00000000    -0.16735919   0.12159357
    2    2
  0.25797394   0.00000000     0.00000000   0.00000000     0.00000000   0.00000000
  0.00000000   0.00000000     0.30436796   0.00000000     0.00000000   0.00000000
  0.00000000   0.00000000     0.00000000   0.00000000     0.25797394   0.00000000

     Dynamical  Matrix in cartesian axes

     q = (    0.000000000   0.000000000   0.400000000 ) 

    1    1
  0.25797394   0.00000000     0.00000000   0.00000000     0.00000000   0.00000000
  0.00000000   0.00000000     0.25797394   0.00000000     0.00000000   0.00000000
  0.00000000   0.00000000     0.00000000   0.00000000     0.30436796   0.00000000
    1    2
 -0.16735919   0.12159357     0.06069835   0.08354411     0.00000000   0.00000000
  0.06069835   0.08354411    -0.16735919   0.12159357     0.00000000   0.00000000
  0.00000000   0.00000000     0.00000000   0.00000000    -0.17996245   0.13075037
    2    1
 -0.16735919  -0.12159357     0.06069835  -0.08354411     0.00000000   0.00000000
  0.06069835  -0.08354411    -0.16735919  -0.12159357     0.00000000   0.00000000
  0.00000000   0.00000000     0.00000000   0.00000000    -0.17996245  -0.13075037
    2    2
  0.25797394   0.00000000     0.00000000   0.00000000     0.00000000   0.00000000
  0.00000000   0.00000000     0.25797394   0.00000000     0.00000000   0.00000000
  0.00000000   0.00000000     0.00000000   0.00000000     0.30436796   0.00000000

     Dynamical  Matrix in cartesian axes

     q = (    0.400000000   0.000000000   0.000000000 ) 

    1    1
  0.30436796   0.00000000     0.00000000   0.00000000     0.00000000   0.00000000
  0.00000000   0.00000000     0.25797394   0.00000000     0.00000000   0.00000000
  0.00000000   0.00000000     0.00000000   0.00000000     0.25797394   0.00000000
    1    2
 -0.17996245  -0.13075037     0.00000000   0.00000000     0.00000000   0.00000000
  0.00000000   0.00000000    -0.16735919  -0.12159357    -0.06069835   0.08354411
  0.00000000   0.00000000    -0.06069835   0.08354411    -0.16735919  -0.12159357
    2    1
 -0.17996245   0.13075037     0.00000000   0.00000000     0.00000000   0.00000000
  0.00000000   0.00000000    -0.16735919   0.12159357    -0.06069835  -0.08354411
  0.00000000   0.00000000    -0.06069835  -0.08354411    -0.16735919   0.12159357
    2    2
  0.30436796   0.00000000     0.00000000   0.00000000     0.00000000   0.00000000
  0.00000000   0.00000000     0.25797394   0.00000000     0.00000000   0.00000000
  0.00000000   0.00000000     0.00000000   0.00000000     0.25797394   0.00000000

     Dynamical  Matrix in cartesian axes

     q = (   -0.400000000   0.000000000   0.000000000 ) 

    1    1
  0.30436796   0.00000000     0.00000000   0.00000000     0.00000000   0.00000000
  0.00000000   0.00000000     0.25797394   0.00000000     0.00000000   0.00000000
  0.00000000   0.00000000     0.00000000   0.00000000     0.25797394   0.00000000
    1    2
 -0.17996245   0.13075037     0.00000000   0.00000000     0.00000000   0.00000000
  0.00000000   0.00000000    -0.16735919   0.12159357    -0.06069835  -0.08354411
  0.00000000   0.00000000    -0.06069835  -0.08354411    -0.16735919   0.12159357
    2    1
 -0.17996245  -0.13075037     0.00000000   0.00000000     0.00000000   0.00000000
  0.00000000   0.00000000    -0.16735919  -0.12159357    -0.06069835   0.08354411
  0.00000000   0.00000000    -0.06069835   0.08354411    -0.16735919  -0.12159357
    2    2
  0.30436796   0.00000000     0.00000000   0.00000000     0.00000000   0.00000000
  0.00000000   0.00000000     0.25797394   0.00000000     0.00000000   0.00000000
  0.00000000   0.00000000     0.00000000   0.00000000     0.25797394   0.00000000

     Diagonalizing the dynamical matrix

     q = (    0.000000000   0.400000000   0.000000000 ) 

 **************************************************************************
     freq (    1) =       3.363885 [THz] =     112.207116 [cm-1]
 (  0.028277  0.174445  0.000000  0.000000  0.576346 -0.369587 ) 
 ( -0.089033  0.446421  0.000000  0.000000  0.541093  0.000000 ) 
     freq (    2) =       3.363885 [THz] =     112.207116 [cm-1]
 (  0.321966  0.604241  0.000000  0.000000 -0.109979  0.138330 ) 
 ( -0.105830  0.530642  0.000000  0.000000 -0.455213  0.000000 ) 
     freq (    3) =       5.885260 [THz] =     196.311153 [cm-1]
 (  0.000000  0.000000  0.262613 -0.656532  0.000000  0.000000 ) 
 (  0.000000  0.000000  0.598358 -0.376786  0.000000  0.000000 ) 
     freq (    4) =      14.381397 [THz] =     479.711766 [cm-1]
 (  0.171784  0.225463  0.000000  0.000000 -0.525975  0.378162 ) 
 ( -0.007211  0.035790  0.000000  0.000000  0.706164  0.000000 ) 
     freq (    5) =      14.381397 [THz] =     479.711766 [cm-1]
 (  0.272676  0.587626  0.000000  0.000000  0.260326 -0.112133 ) 
 (  0.139484 -0.692251  0.000000  0.000000  0.036509  0.000000 ) 
     freq (    6) =      14.924287 [THz] =     497.820640 [cm-1]
 (  0.000000  0.000000 -0.262613  0.656532  0.000000  0.000000 ) 
 (  0.000000  0.000000  0.598358 -0.376786  0.000000  0.000000 ) 
 **************************************************************************
