Dynamical matrix file
                                                                           
  1    2   2  10.2623467   0.0000000   0.0000000   0.0000000   0.0000000   0.0000000
           1  'Si  '    25598.8230119497     
    1    1      0.0000000000      0.0000000000      0.0000000000
    2    1     -0.2500000000      0.2500000000      0.2500000000

     Dynamical  Matrix in cartesian axes

     q = (    0.000000000   0.800000000   0.000000000 ) 

    1    1
  0.24603742   0.00000000     0.00000000   0.00000000     0.00000000   0.00000000
  0.00000000   0.00000000     0.34689503   0.00000000     0.00000000   0.00000000
  0.00000000   0.00000000     0.00000000   0.00000000     0.24603742   0.00000000
    1    2
 -0.02317729   0.07133236     0.00000000   0.00000000     0.17995132   0.05846973
  0.00000000   0.00000000    -0.02579297   0.07938259     0.00000000   0.00000000
  0.17995132   0.05846973     0.00000000   0.00000000    -0.02317729   0.07133236
    2    1
 -0.02317729  -0.07133236     0.00000000   0.00000000     0.17995132  -0.05846973
  0.00000000   0.00000000    -0.02579297  -0.07938259     0.00000000   0.00000000
  0.17995132  -0.05846973     0.00000000   0.00000000    -0.02317729  -0.07133236
    2    2
  0.24603742   0.00000000     0.00000000   0.00000000     0.00000000   0.00000000
  0.00000000   0.00000000     0.34689503   0.00000000     0.00000000   0.00000000
  0.00000000   0.00000000     0.00000000   0.00000000     0.24603742   0.00000000

     Dynamical  Matrix in cartesian axes

     q = (    0.000000000   0.000000000  -0.800000000 ) 

    1    1
  0.24603742   0.00000000     0.00000000   0.00000000     0.00000000   0.00000000
  0.00000000   0.00000000     0.24603742   0.00000000     0.00000000   0.00000000
  0.00000000   0.00000000     0.00000000   0.00000000     0.34689503   0.00000000
    1    2
 -0.02317729  -0.07133236     0.17995132  -0.05846973     0.00000000   0.00000000
  0.17995132  -0.05846973    -0.02317729  -0.07133236     0.00000000   0.00000000
  0.00000000   0.00000000     0.00000000   0.00000000    -0.02579297  -0.07938259
    2    1
 -0.02317729   0.07133236     0.17995132   0.05846973     0.00000000   0.00000000
  0.17995132   0.05846973    -0.02317729   0.07133236     0.00000000   0.00000000
  0.00000000   0.00000000     0.00000000   0.00000000    -0.02579297   0.07938259
    2    2
  0.24603742   0.00000000     0.00000000   0.00000000     0.00000000   0.00000000
  0.00000000   0.00000000     0.24603742   0.00000000     0.00000000   0.00000000
  0.00000000   0.00000000     0.00000000   0.00000000     0.34689503   0.00000000

     Dynamical  Matrix in cartesian axes

     q = (    0.000000000  -0.800000000   0.000000000 ) 

    1    1
  0.24603742   0.00000000     0.00000000   0.00000000     0.00000000   0.00000000
  0.00000000   0.00000000     0.34689503   0.00000000     0.00000000   0.00000000
  0.00000000   0.00000000     0.00000000   0.00000000     0.24603742   0.00000000
    1    2
 -0.02317729  -0.07133236     0.00000000   0.00000000     0.17995132  -0.05846973
  0.00000000   0.00000000    -0.02579297  -0.07938259     0.00000000   0.00000000
  0.17995132  -0.05846973     0.00000000   0.00000000    -0.02317729  -0.07133236
    2    1
 -0.02317729   0.07133236     0.00000000   0.00000000     0.17995132   0.05846973
  0.00000000   0.00000000    -0.02579297   0.07938259     0.00000000   0.00000000
  0.17995132   0.05846973     0.00000000   0.00000000    -0.02317729   0.07133236
    2    2
  0.24603742   0.00000000     0.00000000   0.00000000     0.00000000   0.00000000
  0.00000000   0.00000000     0.34689503   0.00000000     0.00000000   0.00000000
  0.00000000   0.00000000     0.00000000   0.00000000     0.24603742   0.00000000

     Dynamical  Matrix in cartesian axes

     q = (    0.000000000   0.000000000   0.800000000 ) 

    1    1
  0.24603742   0.00000000     0.00000000   0.00000000     0.00000000   0.00000000
  0.00000000   0.00000000     0.24603742   0.00000000     0.00000000   0.00000000
  0.00000000   0.00000000     0.00000000   0.00000000     0.34689503   0.00000000
    1    2
 -0.02317729   0.07133236     0.17995132   0.05846973     0.00000000   0.00000000
  0.17995132   0.05846973    -0.02317729   0.07133236     0.00000000   0.00000000
  0.00000000   0.00000000     0.00000000   0.00000000    -0.02579297   0.07938259
    2    1
 -0.02317729  -0.07133236     0.17995132  -0.05846973     0.00000000   0.00000000
  0.17995132  -0.05846973    -0.02317729  -0.07133236     0.00000000   0.00000000
  0.00000000   0.00000000     0.00000000   0.00000000    -0.02579297  -0.07938259
    2    2
  0.24603742   0.00000000     0.00000000   0.00000000     0.00000000   0.00000000
  0.00000000   0.00000000     0.24603742   0.00000000     0.00000000   0.00000000
  0.00000000   0.00000000     0.00000000   0.00000000     0.34689503   0.00000000

     Dynamical  Matrix in cartesian axes

     q = (    0.800000000   0.000000000   0.000000000 ) 

    1    1
  0.34689503   0.00000000     0.00000000   0.00000000     0.00000000   0.00000000
  0.00000000   0.00000000     0.24603742   0.00000000     0.00000000   0.00000000
  0.00000000   0.00000000     0.00000000   0.00000000     0.24603742   0.00000000
    1    2
 -0.02579297  -0.07938259     0.00000000   0.00000000     0.00000000   0.00000000
  0.00000000   0.00000000    -0.02317729  -0.07133236    -0.17995132   0.05846973
  0.00000000   0.00000000    -0.17995132   0.05846973    -0.02317729  -0.07133236
    2    1
 -0.02579297   0.07938259     0.00000000   0.00000000     0.00000000   0.00000000
  0.00000000   0.00000000    -0.02317729   0.07133236    -0.17995132  -0.05846973
  0.00000000   0.00000000    -0.17995132  -0.05846973    -0.02317729   0.07133236
    2    2
  0.34689503   0.00000000     0.00000000   0.00000000     0.00000000   0.00000000
  0.00000000   0.00000000     0.24603742   0.00000000     0.00000000   0.00000000
  0.00000000   0.00000000     0.00000000   0.00000000     0.24603742   0.00000000

     Dynamical  Matrix in cartesian axes

     q = (   -0.800000000   0.000000000   0.000000000 ) 

    1    1
  0.34689503   0.00000000     0.00000000   0.00000000     0.00000000   0.00000000
  0.00000000   0.00000000     0.24603742   0.00000000     0.00000000   0.00000000
  0.00000000   0.00000000     0.00000000   0.00000000     0.24603742   0.00000000
    1    2
 -0.02579297   0.07938259     0.00000000   0.00000000     0.00000000   0.00000000
  0.00000000   0.00000000    -0.02317729   0.07133236    -0.17995132  -0.05846973
  0.00000000   0.00000000    -0.17995132  -0.05846973    -0.02317729   0.07133236
    2    1
 -0.02579297  -0.07938259     0.00000000   0.00000000     0.00000000   0.00000000
  0.00000000   0.00000000    -0.02317729  -0.07133236    -0.17995132   0.05846973
  0.00000000   0.00000000    -0.17995132   0.05846973    -0.02317729  -0.07133236
    2    2
  0.34689503   0.00000000     0.00000000   0.00000000     0.00000000   0.00000000
  0.00000000   0.00000000     0.24603742   0.00000000     0.00000000   0.00000000
  0.00000000   0.00000000     0.00000000   0.00000000     0.24603742   0.00000000

     Diagonalizing the dynamical matrix

     q = (    0.000000000   0.800000000   0.000000000 ) 

 **************************************************************************
     freq (    1) =       4.239060 [THz] =     141.399816 [cm-1]
 (  0.512267  0.125596  0.000000  0.000000  0.049138 -0.468395 ) 
 (  0.105428  0.622071  0.000000  0.000000 -0.319237  0.000000 ) 
     freq (    2) =       4.239060 [THz] =     141.399816 [cm-1]
 ( -0.441450 -0.164105  0.000000  0.000000  0.115103 -0.514726 ) 
 (  0.053343  0.314748  0.000000  0.000000  0.630942  0.000000 ) 
     freq (    3) =      10.553472 [THz] =     352.025938 [cm-1]
 (  0.000000  0.000000 -0.698660  0.108967  0.000000  0.000000 ) 
 (  0.000000  0.000000 -0.319532 -0.630793  0.000000  0.000000 ) 
     freq (    4) =      13.489083 [THz] =     449.947361 [cm-1]
 (  0.000000  0.000000 -0.312821 -0.634148  0.000000  0.000000 ) 
 (  0.000000  0.000000 -0.506443  0.493472  0.000000  0.000000 ) 
     freq (    5) =      13.786851 [THz] =     459.879850 [cm-1]
 ( -0.613690 -0.235315  0.000000  0.000000 -0.005889 -0.260723 ) 
 ( -0.092692  0.013053  0.000000  0.000000 -0.700884  0.000000 ) 
     freq (    6) =      13.786851 [THz] =     459.879850 [cm-1]
 ( -0.127539  0.227476  0.000000  0.000000  0.652352  0.080159 ) 
 (  0.694036 -0.097736  0.000000  0.000000 -0.093606  0.000000 ) 
 **************************************************************************
